 3.33150000e+004
 1.00000000e+005
 3.17710000e+004
 8.64390000e+004
 3.09450000e+004
 7.13000000e+004
 3.02370000e+004
 7.94500000e+004
 2.97240000e+004
 8.24990000e+004
 2.95870000e+004
 7.25680000e+004
 3.03340000e+004
 8.48180000e+004
 2.97700000e+004
 8.27720000e+004
 2.94020000e+004
 7.57720000e+004
 2.85100000e+004
 8.62990000e+004
 2.70900000e+004
 7.72280000e+004
 2.36940000e+004
 6.74010000e+004
 2.45660000e+004
 7.66690000e+004
 2.29200000e+004
 8.77870000e+004
 2.60240000e+004
 9.15370000e+004
 2.04650000e+004
 6.58780000e+004
 1.88770000e+004
 7.19310000e+004
 1.98510000e+004
 7.90400000e+004
 1.81390000e+004
 6.63930000e+004
 1.70180000e+004
 7.13140000e+004
 1.54510000e+004
 7.96290000e+004
 1.41700000e+004
 6.80880000e+004
 1.29490000e+004
 6.54500000e+004
 1.20550000e+004
 7.11340000e+004
 1.18120000e+004
 6.31760000e+004
 1.14430000e+004
 6.41270000e+004
 1.09220000e+004
 9.01810000e+004
 9.04300000e+003
 7.74200000e+003
 6.24080000e+004
 1.37010000e+004
 8.57480000e+004
 1.15000000e+004
 1.06310000e+004
 5.95030000e+004
 1.27810000e+004
 1.26480000e+004
 5.96020000e+004
 1.52810000e+004
 1.43090000e+004
 6.59260000e+004
 1.54060000e+004
 5.95730000e+004
 1.42440000e+004
 6.23090000e+004
 1.33730000e+004
 6.39350000e+004
 1.42390000e+004
 6.50550000e+004
 1.25140000e+004
 6.48230000e+004
 1.25590000e+004
 5.85090000e+004
 1.12970000e+004
 6.56590000e+004
 1.22130000e+004
 6.79910000e+004
 1.03770000e+004
 8.20310000e+004
 1.12460000e+004
 9.61510000e+004
 9.31800000e+003
 9.87800000e+003
 7.15840000e+004
 7.42300000e+003
 6.98900000e+003
 6.64750000e+004
 6.72000000e+003
 6.61000000e+003
 6.05190000e+004
 6.07500000e+003
 5.77600000e+003
 6.02830000e+004
 7.77500000e+003
 7.62300000e+003
 7.12530000e+004
 8.45000000e+003
 9.26800000e+003
 6.59120000e+004
 9.68900000e+003
 1.03720000e+004
 6.29250000e+004
 1.09240000e+004
 1.06280000e+004
 6.70800000e+004
 1.04860000e+004
 1.04730000e+004
 6.14810000e+004
 9.98500000e+003
 5.16280000e+004
 1.27370000e+004
 1.36580000e+004
 5.41410000e+004
 9.20300000e+003
 1.00000000e+005
 1.66300000e+004
 1.64030000e+004
 1.00000000e+005
 1.23110000e+004
 1.06970000e+004
 7.81260000e+004
 8.86400000e+003
 9.36300000e+003
 9.24330000e+004
 9.53900000e+003
 1.07950000e+004
 9.35230000e+004
 1.13730000e+004
 1.11850000e+004
 8.81510000e+004
 1.36380000e+004
 1.37140000e+004
 9.70800000e+004
 1.41420000e+004
 1.46120000e+004
 1.00000000e+005
 1.10670000e+004
 8.74900000e+004
 1.55030000e+004
 1.00000000e+005
 1.74900000e+004
 1.54940000e+004
 1.00000000e+005
 1.40020000e+004
 1.40700000e+004
 1.00000000e+005
 1.61800000e+004
 1.53080000e+004
 1.00000000e+005
 1.48610000e+004
 1.36530000e+004
 1.00000000e+005
 1.26060000e+004
 1.14940000e+004
 9.92900000e+004
 1.15940000e+004
 1.01220000e+004
 9.27790000e+004
 1.10010000e+004
 1.10880000e+004
 9.17330000e+004
 1.37340000e+004
 1.33290000e+004
 9.52160000e+004
 1.49350000e+004
 1.39980000e+004
 9.59680000e+004
 1.95850000e+004
 1.68450000e+004
 1.00000000e+005
 1.80780000e+004
 1.63810000e+004
 1.00000000e+005
 1.65800000e+004
 1.47580000e+004
 1.00000000e+005
 1.53610000e+004
 1.31230000e+004
 1.00000000e+005
 1.29670000e+004
 1.10700000e+004
 1.00000000e+005
 1.14600000e+004
 1.00980000e+004
 9.50140000e+004
 1.06250000e+004
 9.81500000e+003
 9.22250000e+004
 9.96700000e+003
 9.87700000e+003
 8.62980000e+004
 9.01100000e+003
 8.62500000e+003
 9.05400000e+004
 1.01160000e+004
 1.23650000e+004
 1.00000000e+005
 9.71300000e+003
 9.74700000e+003
 8.19130000e+004
 1.28520000e+004
 1.20750000e+004
 1.00000000e+005
 1.40040000e+004
 1.24330000e+004
 9.66440000e+004
 1.41180000e+004
 1.22470000e+004
 9.67350000e+004
 1.39010000e+004
 1.34150000e+004
 1.00000000e+005
 1.28040000e+004
 1.13940000e+004
 9.17950000e+004
 1.30630000e+004
 1.06020000e+004
 9.58480000e+004
 1.14120000e+004
 9.97800000e+003
 9.05270000e+004
 1.12590000e+004
 1.07680000e+004
 9.13990000e+004
 1.22510000e+004
 1.36360000e+004
 1.00000000e+005
 1.23710000e+004
 1.17260000e+004
 8.71530000e+004
 1.27690000e+004
 1.06590000e+004
 9.26280000e+004
 1.10560000e+004
 1.13340000e+004
 9.04590000e+004
 1.16430000e+004
 1.22620000e+004
 9.64060000e+004
 1.23010000e+004
 1.30620000e+004
 1.00000000e+005
 1.30080000e+004
 1.19720000e+004
 1.00000000e+005
 1.18680000e+004
 1.19690000e+004
 9.02820000e+004
 1.09760000e+004
 1.09090000e+004
 8.75570000e+004
 8.81800000e+003
 9.68200000e+003
 8.76760000e+004
 1.34010000e+004
 1.07930000e+004
 1.00000000e+005
 9.89500000e+003
 9.40400000e+003
 7.94840000e+004
 1.01840000e+004
 9.87600000e+003
 7.45890000e+004
 1.01630000e+004
 9.49300000e+003
 7.13910000e+004
 1.02460000e+004
 9.61100000e+003
 6.24740000e+004
 1.17510000e+004
 1.25290000e+004
 4.81990000e+004
 9.74400000e+003
 1.36480000e+004
 1.00000000e+005
 1.06430000e+004
 1.07300000e+004
 8.99650000e+004
 9.83900000e+003
 8.89400000e+003
 8.24400000e+004
 1.04980000e+004
 1.27200000e+004
 1.00000000e+005
 9.93600000e+003
 9.03600000e+003
 7.53140000e+004
 1.09260000e+004
 1.07200000e+004
 8.51350000e+004
 1.13120000e+004
 1.01500000e+004
 8.64840000e+004
 1.10280000e+004
 9.81800000e+003
 8.72510000e+004
 1.08370000e+004
 1.03300000e+004
 8.75610000e+004
 1.11910000e+004
 9.74800000e+003
 8.23670000e+004
 1.11990000e+004
 9.22300000e+003
 8.53660000e+004
 1.15690000e+004
 1.03150000e+004
 1.00000000e+005
 1.07420000e+004
 1.03700000e+004
 1.00000000e+005
 1.22370000e+004
 1.17560000e+004
 1.00000000e+005
 1.09840000e+004
 9.79300000e+003
 8.77480000e+004
 1.08600000e+004
 1.07830000e+004
 8.62240000e+004
 1.25710000e+004
 1.22620000e+004
 9.78490000e+004
 1.26260000e+004
 1.34270000e+004
 9.17980000e+004
 1.16170000e+004
 1.10600000e+004
 9.05850000e+004
 1.03900000e+004
 1.18140000e+004
 8.75870000e+004
 1.13000000e+004
 1.13990000e+004
 9.01000000e+004
 1.16040000e+004
 1.08840000e+004
 9.09540000e+004
 1.20740000e+004
 1.13080000e+004
 8.78430000e+004
 1.51170000e+004
 1.20810000e+004
 1.00000000e+005
 1.28080000e+004
 1.27400000e+004
 8.98370000e+004
 1.17180000e+004
 1.17190000e+004
 8.45110000e+004
 1.30900000e+004
 1.23670000e+004
 8.71900000e+004
 1.19820000e+004
 1.17530000e+004
 8.76020000e+004
 1.13040000e+004
 1.12580000e+004
 8.94980000e+004
 9.22400000e+003
 8.61400000e+003
 9.09090000e+004
 9.56400000e+003
 8.91700000e+003
 8.61800000e+004
 1.07110000e+004
 1.01330000e+004
 8.98120000e+004
 1.04630000e+004
 1.17330000e+004
 1.00000000e+005
 8.52300000e+003
 8.09300000e+003
 6.93570000e+004
 1.15430000e+004
 1.01970000e+004
 9.57700000e+004
 1.04690000e+004
 9.60700000e+003
 8.18920000e+004
 9.31600000e+003
 7.60400000e+003
 8.78370000e+004
 9.45700000e+003
 7.44600000e+003
 8.66610000e+004
 8.30200000e+003
 8.10500000e+003
 8.37190000e+004
 9.07600000e+003
 8.45200000e+003
 8.21570000e+004
 1.01010000e+004
 9.32900000e+003
 9.14600000e+004
 9.45700000e+003
 9.43300000e+003
 8.38380000e+004
 1.27450000e+004
 1.13500000e+004
 1.00000000e+005
 1.04960000e+004
 9.73100000e+003
 8.09220000e+004
 1.00760000e+004
 1.02180000e+004
 8.46770000e+004
 8.66300000e+003
 9.04100000e+003
 9.25670000e+004
 9.09600000e+003
 8.95500000e+003
 8.63010000e+004
 1.02730000e+004
 1.01190000e+004
 7.93800000e+004
 1.09750000e+004
 1.05140000e+004
 8.08350000e+004
 9.62700000e+003
 1.01590000e+004
 7.79600000e+004
 9.54900000e+003
 1.03230000e+004
 7.25630000e+004
 1.16060000e+004
 1.03020000e+004
 6.51930000e+004
 1.37530000e+004
 1.12150000e+004
 5.54770000e+004
 1.17940000e+004
 1.15470000e+004
 1.97850000e+004
 1.00000000e+005
 7.05900000e+003
 8.15500000e+003
 5.71910000e+004
 7.30700000e+003
 8.22900000e+003
 8.05250000e+004
 9.48900000e+003
 9.92100000e+003
 9.32200000e+004
 8.46700000e+003
 9.31100000e+003
 7.45930000e+004
 8.80500000e+003
 9.98200000e+003
 7.46210000e+004
 9.65600000e+003
 9.69800000e+003
 8.83630000e+004
 9.39600000e+003
 7.99800000e+003
 9.02020000e+004
 9.74300000e+003
 9.17200000e+003
 9.74780000e+004
 9.45300000e+003
 8.90400000e+003
 7.38710000e+004
 9.61200000e+003
 9.15700000e+003
 7.32550000e+004
 9.88600000e+003
 1.04010000e+004
 9.22990000e+004
 8.65800000e+003
 7.73200000e+003
 8.77240000e+004
 8.66000000e+003
 9.15000000e+003
 8.50890000e+004
 1.08500000e+004
 1.02490000e+004
 9.48260000e+004
 8.79000000e+003
 8.96600000e+003
 8.17840000e+004
 8.64600000e+003
 8.71400000e+003
 8.45060000e+004
 8.51900000e+003
 8.47800000e+003
 8.50820000e+004
 1.08520000e+004
 8.77300000e+003
 1.00000000e+005
 9.82200000e+003
 1.00010000e+004
 8.35400000e+004
 1.06720000e+004
 1.08400000e+004
 8.17880000e+004
 1.10670000e+004
 1.10720000e+004
 8.10510000e+004
 1.12820000e+004
 1.05900000e+004
 8.47410000e+004
 1.06250000e+004
 1.01500000e+004
 7.97630000e+004
 8.53600000e+003
 9.49300000e+003
 8.77600000e+004
 1.03320000e+004
 9.08700000e+003
 1.00000000e+005
 8.13200000e+003
 7.88600000e+003
 7.60250000e+004
 8.09800000e+003
 9.31000000e+003
 1.00000000e+005
 7.05000000e+003
 7.38100000e+003
 6.86750000e+004
 7.39100000e+003
 7.46900000e+003
 7.32920000e+004
 7.30200000e+003
 7.55700000e+003
 7.27600000e+004
 7.49500000e+003
 7.40600000e+003
 7.35730000e+004
 7.49100000e+003
 7.65900000e+003
 9.13210000e+004
 6.59000000e+003
 7.51700000e+003
 7.06450000e+004
 6.81800000e+003
 8.94900000e+003
 7.64450000e+004
 9.59500000e+003
 8.13100000e+003
 8.42480000e+004
 1.25380000e+004
 1.15590000e+004
 1.00000000e+005
 1.08550000e+004
 9.71600000e+003
 1.00000000e+005
 8.52000000e+003
 9.24100000e+003
 7.45640000e+004
 9.97100000e+003
 1.06370000e+004
 7.40110000e+004
 9.95400000e+003
 1.16180000e+004
 7.96400000e+004
 1.11720000e+004
 1.01790000e+004
 8.33930000e+004
 1.02100000e+004
 9.39600000e+003
 8.17520000e+004
 9.28700000e+003
 9.87000000e+003
 7.35190000e+004
 8.62300000e+003
 8.15200000e+003
 7.36920000e+004
 7.65400000e+003
 7.71100000e+003
 7.02550000e+004
 8.36200000e+003
 7.68900000e+003
 7.74970000e+004
 1.14420000e+004
 1.01620000e+004
 1.00000000e+005
 8.61200000e+003
 1.01330000e+004
 7.12770000e+004
 8.90800000e+003
 9.49600000e+003
 5.93350000e+004
 9.67500000e+003
 9.61900000e+003
 6.11190000e+004
 1.04980000e+004
 1.00240000e+004
 5.35020000e+004
 8.65500000e+003
 8.89500000e+003
 4.73750000e+004
 9.07800000e+003
 8.92900000e+003
 1.73390000e+004
 1.00000000e+005
 7.46400000e+003
 8.16700000e+003
 5.53230000e+004
 7.64100000e+003
 7.38900000e+003
 6.77290000e+004
 9.38100000e+003
 8.69400000e+003
 8.19180000e+004
 8.79800000e+003
 9.84200000e+003
 8.91690000e+004
 1.00100000e+004
 9.71400000e+003
 7.06760000e+004
 9.78000000e+003
 1.06220000e+004
 8.05090000e+004
 1.05540000e+004
 7.54100000e+003
 8.17110000e+004
 7.04900000e+003
 6.06200000e+003
 7.91350000e+004
 6.54700000e+003
 6.78400000e+003
 7.92170000e+004
 7.00800000e+003
 7.10500000e+003
 7.12190000e+004
 8.95200000e+003
 8.78300000e+003
 9.42490000e+004
 1.01920000e+004
 9.70100000e+003
 8.11880000e+004
 1.03670000e+004
 9.13400000e+003
 9.71940000e+004
 9.22200000e+003
 1.05330000e+004
 7.45290000e+004
 9.66900000e+003
 9.86500000e+003
 8.67260000e+004
 8.58500000e+003
 7.67700000e+003
 8.21120000e+004
 8.94400000e+003
 8.45900000e+003
 7.30540000e+004
 9.19200000e+003
 8.28000000e+003
 8.19160000e+004
 9.46300000e+003
 8.62300000e+003
 7.86970000e+004
 9.36800000e+003
 8.60200000e+003
 7.33010000e+004
 8.87100000e+003
 8.38600000e+003
 7.57140000e+004
 1.10080000e+004
 1.08920000e+004
 1.00000000e+005
 8.80500000e+003
 9.02000000e+003
 7.80640000e+004
 7.53300000e+003
 7.17000000e+003
 7.58040000e+004
 5.57000000e+003
 7.02500000e+003
 7.08330000e+004
 7.93600000e+003
 6.88200000e+003
 8.74250000e+004
 5.88200000e+003
 6.34200000e+003
 7.64150000e+004
 7.04600000e+003
 7.71300000e+003
 8.27170000e+004
 7.80800000e+003
 7.45600000e+003
 7.73920000e+004
 7.08200000e+003
 6.39300000e+003
 7.91810000e+004
 7.70900000e+003
 7.72000000e+003
 7.64880000e+004
 9.80200000e+003
 8.51200000e+003
 9.36960000e+004
 8.00000000e+003
 7.94400000e+003
 6.56850000e+004
 8.16400000e+003
 8.65700000e+003
 7.14060000e+004
 8.46400000e+003
 8.09800000e+003
 6.96330000e+004
 7.18900000e+003
 8.22700000e+003
 7.28430000e+004
 9.01500000e+003
 1.06540000e+004
 1.00000000e+005
 8.04100000e+003
 6.98100000e+003
 7.95930000e+004
 6.46400000e+003
 7.01900000e+003
 7.61460000e+004
 6.86000000e+003
 6.22200000e+003
 7.19620000e+004
 5.72200000e+003
 6.64700000e+003
 7.76400000e+004
 8.42000000e+003
 7.83500000e+003
 8.59120000e+004
 7.61700000e+003
 7.87100000e+003
 6.79940000e+004
 7.36400000e+003
 6.57300000e+003
 7.28830000e+004
 7.25900000e+003
 6.52500000e+003
 6.54560000e+004
 8.85900000e+003
 8.17200000e+003
 6.88780000e+004
 7.37800000e+003
 6.86400000e+003
 6.78600000e+004
 7.68600000e+003
 7.60800000e+003
 9.62160000e+004
 8.52900000e+003
 7.25100000e+003
 5.80180000e+004
 7.12200000e+003
 7.35100000e+003
 5.61550000e+004
 8.27200000e+003
 1.05130000e+004
 6.91270000e+004
 8.11500000e+003
 9.48700000e+003
 3.48580000e+004
 8.87300000e+003
 8.12400000e+003
 1.41940000e+004
 1.00000000e+005
 8.13200000e+003
 7.63500000e+003
 4.56960000e+004
 9.63500000e+003
 9.92500000e+003
 6.14400000e+004
 9.44100000e+003
 9.42500000e+003
 6.53150000e+004
 9.52700000e+003
 9.52700000e+003
 6.97790000e+004
 9.72400000e+003
 1.13330000e+004
 7.36760000e+004
 1.09290000e+004
 1.07040000e+004
 9.47010000e+004
 7.15700000e+003
 7.79000000e+003
 6.73540000e+004
 8.66300000e+003
 7.42300000e+003
 8.39560000e+004
 8.94200000e+003
 8.87200000e+003
 6.84270000e+004
 9.29300000e+003
 9.30900000e+003
 6.63940000e+004
 1.06040000e+004
 1.05250000e+004
 9.28370000e+004
 8.42600000e+003
 7.24400000e+003
 7.76450000e+004
 8.25900000e+003
 8.61500000e+003
 7.70750000e+004
 9.80800000e+003
 8.91000000e+003
 7.29840000e+004
 9.11700000e+003
 8.15000000e+003
 6.85680000e+004
 9.52600000e+003
 8.21600000e+003
 7.40990000e+004
 9.60000000e+003
 1.04560000e+004
 1.00000000e+005
 8.04700000e+003
 6.73400000e+003
 6.28120000e+004
 8.44400000e+003
 7.45700000e+003
 6.77710000e+004
 9.99800000e+003
 1.06740000e+004
 7.69960000e+004
 1.06620000e+004
 9.18300000e+003
 7.90820000e+004
 8.41700000e+003
 8.59200000e+003
 7.94410000e+004
 8.92300000e+003
 9.29300000e+003
 7.21590000e+004
 9.30200000e+003
 8.89400000e+003
 7.10200000e+004
 7.61500000e+003
 7.01300000e+003
 6.97180000e+004
 8.47000000e+003
 7.80200000e+003
 7.64750000e+004
 1.03420000e+004
 1.01190000e+004
 8.98790000e+004
 8.23800000e+003
 7.47300000e+003
 7.20690000e+004
 8.44200000e+003
 7.76600000e+003
 6.69680000e+004
 8.80500000e+003
 7.68700000e+003
 7.43220000e+004
 7.30600000e+003
 7.37200000e+003
 7.86650000e+004
 6.98600000e+003
 6.12500000e+003
 7.63710000e+004
 6.81000000e+003
 8.62100000e+003
 7.37610000e+004
 8.12800000e+003
 8.85500000e+003
 6.94660000e+004
 7.30400000e+003
 6.46400000e+003
 6.82230000e+004
 8.32100000e+003
 7.24800000e+003
 6.99200000e+004
 8.55900000e+003
 8.01800000e+003
 8.00300000e+004
 9.40800000e+003
 9.02300000e+003
 6.99010000e+004
 8.88100000e+003
 8.59500000e+003
 8.36710000e+004
 7.50900000e+003
 6.79600000e+003
 7.17410000e+004
 8.15000000e+003
 7.55600000e+003
 7.63760000e+004
 7.66000000e+003
 7.10000000e+003
 7.09010000e+004
 6.76200000e+003
 6.98300000e+003
 6.98470000e+004
 8.11300000e+003
 6.84800000e+003
 6.91470000e+004
 7.91700000e+003
 5.83000000e+003
 6.87020000e+004
 7.15800000e+003
 7.08500000e+003
 9.71280000e+004
 7.28300000e+003
 6.55900000e+003
 5.86680000e+004
 7.13800000e+003
 6.99300000e+003
 6.20850000e+004
 7.56200000e+003
 7.72200000e+003
 5.62840000e+004
 8.16700000e+003
 8.36300000e+003
 6.38550000e+004
 7.83500000e+003
 6.67900000e+003
 5.34040000e+004
 6.91100000e+003
 6.16900000e+003
 3.56350000e+004
 8.80000000e+003
 7.96600000e+003
 1.47020000e+004
 1.00000000e+005
 7.84600000e+003
 8.29600000e+003
 4.48900000e+004
 9.44300000e+003
 1.01120000e+004
 6.66190000e+004
 1.19390000e+004
 1.13920000e+004
 8.09450000e+004
 9.55700000e+003
 8.88700000e+003
 7.30400000e+004
 6.71000000e+003
 8.21600000e+003
 6.73020000e+004
 7.67200000e+003
 7.97700000e+003
 6.81570000e+004
 9.62300000e+003
 9.37600000e+003
 8.34660000e+004
 9.58000000e+003
 7.85300000e+003
 8.48440000e+004
 8.30200000e+003
 7.18800000e+003
 6.66490000e+004
 7.60900000e+003
 7.48400000e+003
 6.66160000e+004
 8.22100000e+003
 7.70500000e+003
 9.37000000e+004
 6.83600000e+003
 6.13100000e+003
 1.00000000e+005
 5.76100000e+003
 6.55100000e+003
 6.11710000e+004
 5.94000000e+003
 7.65800000e+003
 6.43020000e+004
 6.17300000e+003
 7.29800000e+003
 7.05020000e+004
 6.72300000e+003
 7.65800000e+003
 7.62600000e+004
 6.94200000e+003
 6.80700000e+003
 7.64230000e+004
 7.00400000e+003
 6.55500000e+003
 6.83150000e+004
 1.03090000e+004
 9.56500000e+003
 9.42010000e+004
 8.35100000e+003
 8.14200000e+003
 7.02190000e+004
 8.30900000e+003
 8.89000000e+003
 6.94500000e+004
 9.04400000e+003
 9.26400000e+003
 9.36700000e+004
 7.55400000e+003
 7.41800000e+003
 7.04170000e+004
 6.86400000e+003
 6.90400000e+003
 6.88160000e+004
 7.16100000e+003
 7.87800000e+003
 7.22220000e+004
 8.18700000e+003
 8.30400000e+003
 7.49650000e+004
 8.00200000e+003
 7.69200000e+003
 7.73050000e+004
 6.79000000e+003
 7.14200000e+003
 6.50940000e+004
 8.01700000e+003
 8.98600000e+003
 7.61190000e+004
 9.40300000e+003
 8.73500000e+003
 8.43740000e+004
 5.66700000e+003
 5.96500000e+003
 6.69840000e+004
 8.42400000e+003
 8.59900000e+003
 9.49590000e+004
 7.95800000e+003
 9.32000000e+003
 6.33530000e+004
 7.21000000e+003
 8.52800000e+003
 6.42070000e+004
 9.28900000e+003
 1.07500000e+004
 7.25010000e+004
 8.49400000e+003
 8.26900000e+003
 7.35260000e+004
 8.80000000e+003
 7.83700000e+003
 7.92250000e+004
 8.76800000e+003
 8.73900000e+003
 6.57250000e+004
 8.44000000e+003
 8.23500000e+003
 6.41510000e+004
 9.25000000e+003
 9.13000000e+003
 7.36030000e+004
 1.22140000e+004
 1.14990000e+004
 1.00000000e+005
 8.83200000e+003
 7.74200000e+003
 6.77250000e+004
 7.71200000e+003
 7.82600000e+003
 6.69520000e+004
 8.06800000e+003
 9.35200000e+003
 6.47550000e+004
 6.88900000e+003
 7.65200000e+003
 7.41050000e+004
 8.41500000e+003
 8.17100000e+003
 7.34970000e+004
 9.44600000e+003
 9.59000000e+003
 7.89090000e+004
 8.16700000e+003
 8.43700000e+003
 6.81270000e+004
 8.72800000e+003
 7.93100000e+003
 5.89690000e+004
 7.98900000e+003
 7.89200000e+003
 5.05600000e+004
 8.33600000e+003
 7.65400000e+003
 5.33600000e+004
 6.92100000e+003
 6.88600000e+003
 3.27300000e+004
 6.95100000e+003
 8.14500000e+003
 1.33070000e+004
 1.00000000e+005
 7.02900000e+003
 6.88500000e+003
 5.16270000e+004
 8.06400000e+003
 7.35700000e+003
 6.05340000e+004
 7.25400000e+003
 7.32500000e+003
 6.10610000e+004
 8.71300000e+003
 9.17900000e+003
 6.54960000e+004
 9.78900000e+003
 8.93300000e+003
 6.56000000e+004
 9.16600000e+003
 7.24300000e+003
 6.88510000e+004
 7.68900000e+003
 9.44700000e+003
 9.50440000e+004
 8.09300000e+003
 7.27000000e+003
 6.17110000e+004
 8.49500000e+003
 8.18000000e+003
 7.83420000e+004
 7.75600000e+003
 6.89600000e+003
 6.56890000e+004
 6.74600000e+003
 8.69900000e+003
 1.00000000e+005
 1.08260000e+004
 9.61000000e+003
 8.97660000e+004
 1.07700000e+004
 1.06610000e+004
 7.59390000e+004
 1.06840000e+004
 9.93000000e+003
 8.45630000e+004
 9.18600000e+003
 7.57300000e+003
 7.34590000e+004
 7.43200000e+003
 6.36400000e+003
 7.59140000e+004
 6.03100000e+003
 5.62200000e+003
 8.63010000e+004
 7.00400000e+003
 6.18600000e+003
 6.28690000e+004
 7.21400000e+003
 7.33300000e+003
 7.07330000e+004
 7.11400000e+003
 8.41500000e+003
 8.98300000e+004
 6.58900000e+003
 5.27800000e+003
 7.38230000e+004
 5.78200000e+003
 4.26000000e+003
 6.60510000e+004
 6.10300000e+003
 5.25900000e+003
 6.83290000e+004
 6.83800000e+003
 6.39200000e+003
 6.98430000e+004
 7.01000000e+003
 7.82600000e+003
 6.61480000e+004
 7.50600000e+003
 5.67400000e+003
 7.01580000e+004
 7.43700000e+003
 6.66000000e+003
 7.78680000e+004
 6.44900000e+003
 6.44300000e+003
 5.61970000e+004
 5.90800000e+003
 6.39300000e+003
 6.22630000e+004
 5.95000000e+003
 6.44400000e+003
 6.34590000e+004
 9.10400000e+003
 9.17200000e+003
 8.65220000e+004
 9.32600000e+003
 9.29300000e+003
 7.59580000e+004
 8.56600000e+003
 8.89900000e+003
 6.14350000e+004
 7.53500000e+003
 5.60100000e+003
 7.32820000e+004
 6.48200000e+003
 5.28700000e+003
 6.58490000e+004
 8.55900000e+003
 8.50100000e+003
 1.00000000e+005
 9.64800000e+003
 8.92900000e+003
 5.89110000e+004
 9.14600000e+003
 8.13600000e+003
 6.54140000e+004
 7.68000000e+003
 7.68800000e+003
 7.22920000e+004
 6.81200000e+003
 6.80900000e+003
 6.81870000e+004
 5.84000000e+003
 7.96700000e+003
 6.78510000e+004
 7.56100000e+003
 8.73100000e+003
 9.28900000e+004
 5.91700000e+003
 7.52800000e+003
 6.34750000e+004
 5.62400000e+003
 6.93600000e+003
 7.58500000e+004
 7.13500000e+003
 5.76000000e+003
 7.05000000e+004
 5.56800000e+003
 4.37100000e+003
 8.15690000e+004
 3.99400000e+003
 4.93600000e+003
 5.56710000e+004
 5.98700000e+003
 4.69700000e+003
 5.92430000e+004
 7.11100000e+003
 7.32000000e+003
 5.77920000e+004
 8.12000000e+003
 6.88800000e+003
 5.11000000e+004
 6.62200000e+003
 7.10900000e+003
 4.29490000e+004
 7.43900000e+003
 7.08900000e+003
 3.14200000e+004
 9.73100000e+003
 1.32250000e+004
 1.75310000e+004
 1.00000000e+005
 1.14530000e+004
 9.36200000e+003
 5.19150000e+004
 9.83800000e+003
 1.04240000e+004
 8.32770000e+004
 8.33900000e+003
 7.53000000e+003
 5.37080000e+004
 8.16100000e+003
 8.20300000e+003
 6.10560000e+004
 7.97000000e+003
 7.75000000e+003
 6.50550000e+004
 8.82800000e+003
 7.18000000e+003
 6.55860000e+004
 7.60700000e+003
 5.90800000e+003
 6.89120000e+004
 6.14200000e+003
 6.74200000e+003
 6.38780000e+004
 6.74100000e+003
 7.60700000e+003
 6.46780000e+004
 5.77700000e+003
 7.25700000e+003
 5.88310000e+004
 9.07500000e+003
 9.69800000e+003
 1.00000000e+005
 8.23700000e+003
 8.25100000e+003
 1.00000000e+005
 7.22800000e+003
 5.54100000e+003
 6.54320000e+004
 5.64400000e+003
 5.46300000e+003
 6.39760000e+004
 6.57100000e+003
 5.81100000e+003
 6.38070000e+004
 6.85100000e+003
 7.65200000e+003
 7.18660000e+004
 7.47100000e+003
 6.80400000e+003
 6.53880000e+004
 7.80500000e+003
 6.20400000e+003
 6.40830000e+004
 8.10500000e+003
 8.10100000e+003
 6.73230000e+004
 8.30700000e+003
 1.01370000e+004
 6.85610000e+004
 9.19900000e+003
 9.85500000e+003
 7.02690000e+004
 1.08340000e+004
 8.68200000e+003
 8.24540000e+004
 7.32600000e+003
 7.59900000e+003
 6.25620000e+004
 6.94200000e+003
 8.16000000e+003
 6.85840000e+004
 8.49100000e+003
 6.90200000e+003
 7.20640000e+004
 7.72800000e+003
 6.69200000e+003
 7.61810000e+004
 7.25300000e+003
 6.51400000e+003
 7.08210000e+004
 6.37900000e+003
 5.04200000e+003
 6.47600000e+004
 6.06000000e+003
 5.74400000e+003
 6.54850000e+004
 7.91000000e+003
 7.77800000e+003
 6.65190000e+004
 8.94800000e+003
 9.56800000e+003
 8.93020000e+004
 6.55200000e+003
 6.14200000e+003
 5.51490000e+004
 6.28300000e+003
 6.91200000e+003
 6.68560000e+004
 6.95300000e+003
 7.75500000e+003
 6.61470000e+004
 7.14100000e+003
 7.08300000e+003
 7.17250000e+004
 8.81500000e+003
 7.08300000e+003
 6.92920000e+004
 9.69400000e+003
 6.87300000e+003
 6.65560000e+004
 8.49600000e+003
 5.73500000e+003
 6.62730000e+004
 6.52200000e+003
 6.15300000e+003
 6.50710000e+004
 7.44000000e+003
 7.41800000e+003
 6.48880000e+004
 9.29900000e+003
 9.66900000e+003
 8.99660000e+004
 9.38000000e+003
 9.30400000e+003
 6.43000000e+004
 8.94300000e+003
 8.65000000e+003
 6.67020000e+004
 7.80900000e+003
 7.08700000e+003
 7.58380000e+004
 7.16400000e+003
 6.81500000e+003
 7.07860000e+004
 7.77100000e+003
 7.73600000e+003
 7.27250000e+004
 9.17300000e+003
 8.30800000e+003
 6.32420000e+004
 9.60500000e+003
 1.05110000e+004
 6.56820000e+004
 9.64900000e+003
 1.07150000e+004
 6.09190000e+004
 8.99900000e+003
 8.34200000e+003
 5.72020000e+004
 1.00130000e+004
 8.89500000e+003
 5.78450000e+004
 1.11790000e+004
 1.03990000e+004
 3.45920000e+004
 9.67000000e+003
 1.14130000e+004
 1.38220000e+004
 1.00000000e+005
 8.28000000e+003
 8.85800000e+003
 4.85990000e+004
 8.68300000e+003
 9.28500000e+003
 7.88570000e+004
 7.16000000e+003
 6.74500000e+003
 6.40780000e+004
 7.74900000e+003
 7.55300000e+003
 6.34930000e+004
 6.84700000e+003
 7.43600000e+003
 6.27620000e+004
 8.23100000e+003
 7.84200000e+003
 6.65470000e+004
 1.06580000e+004
 8.96100000e+003
 8.32310000e+004
 9.23600000e+003
 7.25300000e+003
 5.47810000e+004
 7.87100000e+003
 1.21290000e+004
 6.52850000e+004
 7.94100000e+003
 1.17050000e+004
 6.90620000e+004
 1.34670000e+004
 1.32330000e+004
 8.94920000e+004
 1.28110000e+004
 1.30310000e+004
 8.41140000e+004
 1.08210000e+004
 9.60900000e+003
 1.00000000e+005
 7.35900000e+003
 8.66900000e+003
 6.85610000e+004
 9.24200000e+003
 8.96200000e+003
 7.33100000e+004
 8.72500000e+003
 8.37400000e+003
 7.20360000e+004
 9.73700000e+003
 9.27700000e+003
 9.07220000e+004
 7.83500000e+003
 8.24000000e+003
 7.32000000e+004
 8.35200000e+003
 8.38400000e+003
 6.91920000e+004
 7.89400000e+003
 8.31600000e+003
 6.44090000e+004
 8.01300000e+003
 8.41600000e+003
 6.72180000e+004
 7.53700000e+003
 7.89100000e+003
 7.19350000e+004
 7.50800000e+003
 6.43200000e+003
 7.68750000e+004
 8.86300000e+003
 8.19300000e+003
 8.48050000e+004
 6.23500000e+003
 6.58900000e+003
 6.52230000e+004
 7.01900000e+003
 6.90000000e+003
 8.00980000e+004
 6.31600000e+003
 7.25700000e+003
 6.51580000e+004
 7.78700000e+003
 8.04800000e+003
 6.64990000e+004
 7.84100000e+003
 7.76200000e+003
 6.54340000e+004
 7.42000000e+003
 7.26000000e+003
 6.91470000e+004
 6.88700000e+003
 7.53200000e+003
 6.80190000e+004
 6.53700000e+003
 8.14400000e+003
 7.92740000e+004
 8.43400000e+003
 7.75400000e+003
 6.97850000e+004
 8.79100000e+003
 7.06000000e+003
 6.87180000e+004
 9.16900000e+003
 7.85300000e+003
 8.38110000e+004
 7.66500000e+003
 6.88800000e+003
 8.58260000e+004
 6.27400000e+003
 5.78900000e+003
 6.22120000e+004
 6.79200000e+003
 6.31700000e+003
 6.48380000e+004
 6.26100000e+003
 7.09900000e+003
 6.64330000e+004
 5.64000000e+003
 7.19600000e+003
 6.73930000e+004
 5.13000000e+003
 6.26000000e+003
 6.41750000e+004
 6.66700000e+003
 5.13100000e+003
 7.09640000e+004
 5.77500000e+003
 6.45300000e+003
 6.08310000e+004
 6.42100000e+003
 6.83900000e+003
 5.71620000e+004
 6.76700000e+003
 6.89800000e+003
 6.46540000e+004
 1.01170000e+004
 6.57600000e+003
 9.70070000e+004
 7.19000000e+003
 7.22500000e+003
 6.82930000e+004
 6.01300000e+003
 8.41100000e+003
 6.25900000e+004
 6.44500000e+003
 7.31100000e+003
 5.60050000e+004
 8.56300000e+003
 7.53400000e+003
 5.22410000e+004
 8.76400000e+003
 8.81300000e+003
 4.63720000e+004
 8.74100000e+003
 9.08300000e+003
 3.49110000e+004
 1.03030000e+004
 8.96100000e+003
 1.58430000e+004
 1.00000000e+005
 9.41900000e+003
 1.04280000e+004
 4.72520000e+004
 1.21740000e+004
 1.10480000e+004
 6.65770000e+004
 9.61400000e+003
 8.94900000e+003
 6.44270000e+004
 8.36500000e+003
 7.35800000e+003
 6.44290000e+004
 7.61100000e+003
 7.55700000e+003
 6.98350000e+004
 7.59100000e+003
 8.27200000e+003
 6.82570000e+004
 8.17600000e+003
 8.94700000e+003
 7.13870000e+004
 5.71700000e+003
 6.40600000e+003
 6.61560000e+004
 7.08400000e+003
 6.77000000e+003
 6.74260000e+004
 7.72800000e+003
 9.01100000e+003
 6.08780000e+004
 8.40100000e+003
 8.48700000e+003
 8.21330000e+004
 9.99900000e+003
 7.44600000e+003
 8.22150000e+004
 7.27900000e+003
 6.26600000e+003
 6.28410000e+004
 8.77000000e+003
 8.78400000e+003
 8.53280000e+004
 8.44500000e+003
 9.21000000e+003
 7.10110000e+004
 8.76400000e+003
 9.57100000e+003
 7.54470000e+004
 9.93600000e+003
 9.29600000e+003
 7.00840000e+004
 9.28900000e+003
 9.18900000e+003
 7.03020000e+004
 9.17000000e+003
 8.40300000e+003
 7.41370000e+004
 7.10000000e+003
 7.51100000e+003
 6.90240000e+004
 7.41500000e+003
 6.20600000e+003
 9.57190000e+004
 7.21100000e+003
 6.48200000e+003
 6.50490000e+004
 7.31800000e+003
 7.06200000e+003
 6.85950000e+004
 7.71100000e+003
 7.95800000e+003
 7.31560000e+004
 6.48200000e+003
 7.56300000e+003
 8.24710000e+004
 6.23600000e+003
 6.78000000e+003
 7.30340000e+004
 7.04000000e+003
 7.13300000e+003
 7.33100000e+004
 7.41400000e+003
 5.43700000e+003
 6.38800000e+004
 6.87900000e+003
 5.49500000e+003
 6.99340000e+004
 7.30300000e+003
 5.81100000e+003
 6.72360000e+004
 7.01100000e+003
 6.27600000e+003
 7.91040000e+004
 7.03300000e+003
 6.61700000e+003
 6.44880000e+004
 7.05600000e+003
 7.14100000e+003
 6.22640000e+004
 6.54700000e+003
 6.23200000e+003
 7.28770000e+004
 7.21600000e+003
 8.21900000e+003
 6.23130000e+004
 8.51400000e+003
 1.13750000e+004
 7.95160000e+004
 8.19600000e+003
 8.26100000e+003
 7.51220000e+004
 7.88400000e+003
 8.38900000e+003
 6.50350000e+004
 8.94500000e+003
 7.07600000e+003
 6.62250000e+004
 6.90500000e+003
 6.25100000e+003
 7.18260000e+004
 9.09100000e+003
 8.02600000e+003
 7.83530000e+004
 8.74700000e+003
 8.20700000e+003
 5.96560000e+004
 7.62400000e+003
 8.13600000e+003
 5.65920000e+004
 8.10900000e+003
 8.99000000e+003
 6.25910000e+004
 9.84600000e+003
 9.05500000e+003
 6.44760000e+004
 8.76400000e+003
 7.56900000e+003
 6.47790000e+004
 9.99500000e+003
 8.70100000e+003
 7.62580000e+004
 8.76300000e+003
 8.51300000e+003
 6.59230000e+004
 8.86000000e+003
 8.99100000e+003
 6.36620000e+004
 1.02190000e+004
 1.02910000e+004
 6.99640000e+004
 8.84400000e+003
 8.93300000e+003
 4.89600000e+004
 1.04910000e+004
 9.33900000e+003
 3.52150000e+004
 1.09660000e+004
 1.11790000e+004
 1.79240000e+004
 1.00000000e+005
 1.20320000e+004
 1.20370000e+004
 5.06030000e+004
 1.12280000e+004
 1.14690000e+004
 6.05530000e+004
 9.87300000e+003
 1.06220000e+004
 6.59220000e+004
 1.02830000e+004
 1.07170000e+004
 6.93850000e+004
 1.04320000e+004
 1.05690000e+004
 8.31710000e+004
 1.06720000e+004
 1.05260000e+004
 7.34980000e+004
 1.19840000e+004
 9.99100000e+003
 7.88390000e+004
 9.17000000e+003
 8.25300000e+003
 6.68690000e+004
 8.87300000e+003
 9.28400000e+003
 7.22500000e+004
 1.03790000e+004
 1.09970000e+004
 7.38330000e+004
 1.40330000e+004
 1.24220000e+004
 1.00000000e+005
 1.36800000e+004
 1.40710000e+004
 8.62120000e+004
 1.49500000e+004
 1.43990000e+004
 8.50890000e+004
 1.39400000e+004
 1.32700000e+004
 7.60980000e+004
 1.62020000e+004
 1.50840000e+004
 7.72970000e+004
 1.48300000e+004
 9.58810000e+004
 1.47170000e+004
 9.97980000e+004
 1.22780000e+004
 1.25140000e+004
 7.16050000e+004
 1.16730000e+004
 1.32460000e+004
 7.69100000e+004
 1.12440000e+004
 1.27840000e+004
 8.05920000e+004
 1.23590000e+004
 1.46250000e+004
 8.96460000e+004
 1.31650000e+004
 1.44050000e+004
 8.50650000e+004
 1.18620000e+004
 1.30640000e+004
 8.27910000e+004
 1.22670000e+004
 1.34600000e+004
 7.95620000e+004
 1.28560000e+004
 1.41330000e+004
 8.26070000e+004
 1.26630000e+004
 1.25890000e+004
 8.65340000e+004
 1.35480000e+004
 8.70940000e+004
 1.15240000e+004
 1.20450000e+004
 8.16120000e+004
 1.18800000e+004
 1.16350000e+004
 7.24050000e+004
 1.09110000e+004
 1.14230000e+004
 7.78940000e+004
 9.92700000e+003
 7.79720000e+004
 1.32260000e+004
 1.27610000e+004
 8.72400000e+004
 1.30770000e+004
 1.36480000e+004
 8.57870000e+004
 1.38810000e+004
 1.26620000e+004
 8.26610000e+004
 1.26040000e+004
 1.36400000e+004
 8.27910000e+004
 1.21260000e+004
 1.29630000e+004
 7.97820000e+004
 1.00000000e+004
 8.83510000e+004
 1.05940000e+004
 1.28150000e+004
 6.50260000e+004
 1.32000000e+004
 1.36190000e+004
 8.37080000e+004
 1.26660000e+004
 7.75120000e+004
 1.42360000e+004
 1.43580000e+004
 7.54690000e+004
 1.53880000e+004
 1.52040000e+004
 7.84860000e+004
 1.69980000e+004
 1.43160000e+004
 8.30650000e+004
 1.44520000e+004
 1.29270000e+004
 7.68940000e+004
 1.54290000e+004
 1.52560000e+004
 7.51810000e+004
 1.48320000e+004
 1.54230000e+004
 7.61250000e+004
 1.29640000e+004
 7.73100000e+004
 1.35080000e+004
 8.58730000e+004
 1.05440000e+004
 1.25790000e+004
 6.95550000e+004
 1.19020000e+004
 1.29060000e+004
 6.89110000e+004
 1.21420000e+004
 1.39390000e+004
 7.05680000e+004
 1.26520000e+004
 7.74240000e+004
 1.24460000e+004
 1.43780000e+004
 7.52710000e+004
 1.31260000e+004
 1.28980000e+004
 6.71810000e+004
 1.16730000e+004
 1.26210000e+004
 5.03610000e+004
 1.55650000e+004
 1.53910000e+004
 2.60900000e+004
 1.00000000e+005
 1.25430000e+004
 1.31570000e+004
 5.38670000e+004
 1.56210000e+004
 7.88080000e+004
 1.32560000e+004
 1.36110000e+004
 7.68260000e+004
 1.13160000e+004
 1.33100000e+004
 7.63610000e+004
 1.32350000e+004
 1.43140000e+004
 7.62200000e+004
 1.28210000e+004
 7.54140000e+004
 1.16230000e+004
 6.69640000e+004
 1.21490000e+004
 8.20760000e+004
 1.14590000e+004
 1.27050000e+004
 8.01730000e+004
 1.34560000e+004
 1.41120000e+004
 8.07400000e+004
 1.24170000e+004
 1.45300000e+004
 8.14710000e+004
 1.25870000e+004
 1.27580000e+004
 8.64380000e+004
 1.23650000e+004
 1.07610000e+004
 9.67360000e+004
 1.08810000e+004
 1.06370000e+004
 8.03490000e+004
 1.14400000e+004
 1.12530000e+004
 7.94610000e+004
 1.16930000e+004
 1.00480000e+004
 8.18670000e+004
 1.25410000e+004
 1.15060000e+004
 8.06860000e+004
 1.23590000e+004
 1.15260000e+004
 8.04680000e+004
 1.38790000e+004
 1.07400000e+004
 9.72500000e+004
 1.06740000e+004
 8.95000000e+003
 7.42030000e+004
 8.90800000e+003
 7.78000000e+003
 6.83340000e+004
 8.81700000e+003
 7.93260000e+004
 9.89800000e+003
 7.76500000e+003
 8.56060000e+004
 7.00800000e+003
 7.62500000e+003
 6.82430000e+004
 8.05100000e+003
 7.17400000e+003
 7.01920000e+004
 9.32100000e+003
 8.63100000e+003
 6.80440000e+004
 9.73200000e+003
 9.35900000e+003
 6.99530000e+004
 8.92100000e+003
 6.57950000e+004
 1.21170000e+004
 7.90620000e+004
 1.10300000e+004
 1.18710000e+004
 7.92500000e+004
 8.02800000e+003
 7.76600000e+003
 9.09750000e+004
 9.07000000e+003
 9.67700000e+003
 6.64100000e+004
 1.01350000e+004
 1.08460000e+004
 9.23310000e+004
 8.41400000e+003
 8.59600000e+003
 7.11970000e+004
 8.32100000e+003
 8.25700000e+003
 7.34880000e+004
 7.80900000e+003
 7.55600000e+003
 6.52120000e+004
 7.07300000e+003
 6.93000000e+003
 6.71540000e+004
 7.65200000e+003
 8.35700000e+003
 6.91570000e+004
 7.53200000e+003
 7.77500000e+003
 6.69650000e+004
 7.11300000e+003
 8.19900000e+003
 7.08040000e+004
 8.44200000e+003
 9.58700000e+003
 7.53220000e+004
 8.65700000e+003
 8.97100000e+003
 8.42250000e+004
 8.32500000e+003
 7.03200000e+003
 8.32890000e+004
 7.68200000e+003
 6.69000000e+003
 6.32090000e+004
 8.66200000e+003
 7.43400000e+003
 6.65130000e+004
 8.70400000e+003
 8.09000000e+003
 6.47040000e+004
 9.08200000e+003
 9.31700000e+003
 6.88870000e+004
 8.82200000e+003
 1.02750000e+004
 7.39510000e+004
 9.55700000e+003
 8.66500000e+003
 6.86160000e+004
 9.35800000e+003
 9.92600000e+003
 6.96240000e+004
 1.02030000e+004
 9.59800000e+003
 6.49060000e+004
 9.55100000e+003
 9.88500000e+003
 7.28080000e+004
 8.46500000e+003
 8.27800000e+003
 5.20970000e+004
 1.04430000e+004
 9.34900000e+003
 4.12840000e+004
 1.14100000e+004
 9.49700000e+003
 2.68940000e+004
 1.23400000e+004
 1.00000000e+005
 6.95400000e+003
 6.42100000e+003
 6.04210000e+004
 8.39100000e+003
 8.48400000e+003
 4.68850000e+004
 8.61500000e+003
 8.98200000e+003
 4.98980000e+004
 9.73700000e+003
 1.00840000e+004
 5.33430000e+004
 1.10680000e+004
 1.09640000e+004
 5.23730000e+004
 1.31150000e+004
 1.29440000e+004
 7.54570000e+004
 9.55300000e+003
 9.22900000e+003
 6.25280000e+004
 1.04560000e+004
 1.11230000e+004
 6.97220000e+004
 9.65200000e+003
 9.82300000e+003
 6.36070000e+004
 1.14840000e+004
 1.13940000e+004
 6.39050000e+004
 1.49380000e+004
 1.44110000e+004
 8.14670000e+004
 1.63940000e+004
 1.59820000e+004
 7.26320000e+004
 1.30550000e+004
 6.60910000e+004
 1.62050000e+004
 6.70220000e+004
 1.45640000e+004
 6.72580000e+004
 1.61000000e+004
 6.57150000e+004
 1.93380000e+004
 6.68330000e+004
 2.13890000e+004
 8.26030000e+004
 1.63650000e+004
 6.64600000e+004
 1.66890000e+004
 6.63620000e+004
 2.30570000e+004
 7.20960000e+004
 1.80470000e+004
 7.93600000e+004
 1.91810000e+004
 7.30550000e+004
 2.02770000e+004
 6.90690000e+004
 1.87240000e+004
 7.01420000e+004
 1.69790000e+004
 7.54010000e+004
 1.79500000e+004
 7.19000000e+004
 1.91380000e+004
 1.95350000e+004
 8.64780000e+004
 1.89380000e+004
 2.01440000e+004
 8.23060000e+004
 2.13130000e+004
 2.19140000e+004
 7.75750000e+004
 6.45060000e+004
 2.14630000e+004
 7.07650000e+004
 2.41630000e+004
 8.06520000e+004
 2.30820000e+004
 2.47090000e+004
 8.50770000e+004
 1.91160000e+004
 6.59140000e+004
 1.98090000e+004
 7.06050000e+004
 2.08630000e+004
 7.16750000e+004
 2.08590000e+004
 7.66660000e+004
 1.98580000e+004
 7.04680000e+004
 2.22320000e+004
 7.40700000e+004
 2.06540000e+004
 7.75670000e+004
 2.32230000e+004
 2.17200000e+004
 8.59250000e+004
 2.17240000e+004
 2.01580000e+004
 7.66730000e+004
 4.96740000e+004
 7.82510000e+004
 2.53750000e+004
 2.22860000e+004
 9.34100000e+004
 1.91930000e+004
 6.96430000e+004
 2.06070000e+004
 2.11970000e+004
 7.91110000e+004
 1.92770000e+004
 6.67550000e+004
 1.91670000e+004
 7.90360000e+004
 1.96860000e+004
 7.53300000e+004
 1.90980000e+004
 7.06910000e+004
 2.16880000e+004
 2.27580000e+004
 8.88740000e+004
 2.17880000e+004
 7.08390000e+004
 2.12360000e+004
 2.19170000e+004
 8.60220000e+004
 2.08820000e+004
 6.97000000e+004
 2.19800000e+004
 6.17180000e+004
 7.02590000e+004
 2.33580000e+004
 8.26000000e+004
 2.46780000e+004
 6.97360000e+004
 2.19560000e+004
 7.09470000e+004
 2.38090000e+004
 7.47910000e+004
 2.43790000e+004
 7.77930000e+004
 2.21410000e+004
 8.59160000e+004
 2.11000000e+004
 6.94530000e+004
 1.96340000e+004
 6.99900000e+004
 2.33690000e+004
 2.44220000e+004
 8.33840000e+004
 2.32650000e+004
 5.75690000e+004
 2.47560000e+004
 5.78180000e+004
 2.69310000e+004
 4.39890000e+004
 1.00000000e+005
 2.27490000e+004
 5.75400000e+004
 5.23780000e+004
 1.96810000e+004
 1.75950000e+004
 6.67150000e+004
 1.92790000e+004
 6.25500000e+004
 1.97860000e+004
 1.90660000e+004
 6.41660000e+004
 1.93750000e+004
 6.04720000e+004
 1.73060000e+004
 6.14720000e+004
 1.90340000e+004
 6.46660000e+004
 1.98810000e+004
 6.27820000e+004
 2.02220000e+004
 6.24190000e+004
 1.97780000e+004
 6.79600000e+004
 2.27690000e+004
 2.13150000e+004
 6.81700000e+004
 2.00350000e+004
 6.00480000e+004
 2.01480000e+004
 6.51400000e+004
 6.19200000e+004
 8.20420000e+004
 2.29400000e+004
 7.92190000e+004
 2.36240000e+004
 6.86730000e+004
 2.27050000e+004
 7.31850000e+004
 2.15370000e+004
 7.41090000e+004
 2.20150000e+004
 2.17090000e+004
 7.79410000e+004
 2.04150000e+004
 6.64440000e+004
 1.79400000e+004
 6.82720000e+004
 2.32110000e+004
 7.45110000e+004
 2.69800000e+004
 2.20310000e+004
 8.50480000e+004
 2.28910000e+004
 2.27520000e+004
 7.56890000e+004
 2.05970000e+004
 6.70600000e+004
 2.05390000e+004
 2.06930000e+004
 7.14380000e+004
 7.07360000e+004
 1.75690000e+004
 6.88950000e+004
 1.89780000e+004
 5.98850000e+004
 1.76450000e+004
 6.40320000e+004
 2.00190000e+004
 6.79390000e+004
 2.01330000e+004
 6.85180000e+004
 1.83380000e+004
 6.69270000e+004
 1.94270000e+004
 6.45300000e+004
 1.90800000e+004
 7.17970000e+004
 2.01310000e+004
 2.24870000e+004
 7.80170000e+004
 1.95890000e+004
 6.88230000e+004
 2.06210000e+004
 2.19490000e+004
 7.74450000e+004
 2.19740000e+004
 2.21580000e+004
 7.04130000e+004
 4.79700000e+004
 6.61120000e+004
 2.09890000e+004
 6.94610000e+004
 1.81190000e+004
 5.96160000e+004
 1.97350000e+004
 7.05090000e+004
 1.95420000e+004
 6.68270000e+004
 2.22530000e+004
 7.35700000e+004
 1.97140000e+004
 6.26940000e+004
 2.03900000e+004
 7.06080000e+004
 2.29570000e+004
 7.59260000e+004
 2.43600000e+004
 2.58380000e+004
 7.86020000e+004
 2.06630000e+004
 6.78370000e+004
 1.91340000e+004
 6.54330000e+004
 1.92370000e+004
 6.81650000e+004
 1.75450000e+004
 1.82730000e+004
 6.91220000e+004
 6.48300000e+004
 1.71470000e+004
 8.03810000e+004
 1.66500000e+004
 6.21600000e+004
 1.78970000e+004
 1.80970000e+004
 7.84260000e+004
 1.73310000e+004
 8.39450000e+004
 1.83060000e+004
 1.83410000e+004
 7.50370000e+004
 1.86150000e+004
 1.90530000e+004
 7.84510000e+004
 1.65550000e+004
 6.56930000e+004
 1.84350000e+004
 1.84660000e+004
 7.64160000e+004
 1.93650000e+004
 1.76420000e+004
 6.93690000e+004
 1.88390000e+004
 6.38190000e+004
 2.32770000e+004
 2.05380000e+004
 7.68710000e+004
 2.13180000e+004
 6.97730000e+004
 1.94270000e+004
 1.97740000e+004
 6.92110000e+004
 1.77700000e+004
 5.11360000e+004
 1.59780000e+004
 4.55680000e+004
 2.11720000e+004
 4.58070000e+004
 1.99520000e+004
 1.00000000e+005
 2.06230000e+004
 5.16550000e+004
 1.93790000e+004
 4.57040000e+004
 1.42010000e+004
 4.78340000e+004
 1.45550000e+004
 4.43360000e+004
 1.47290000e+004
 4.67420000e+004
 1.41530000e+004
 4.51370000e+004
 1.46650000e+004
 4.57280000e+004
 1.55700000e+004
 4.64370000e+004
 4.98540000e+004
 1.46670000e+004
 5.09370000e+004
 1.38270000e+004
 5.06820000e+004
 1.26550000e+004
 4.55360000e+004
 1.37370000e+004
 4.63690000e+004
 1.51340000e+004
 4.99500000e+004
 1.31510000e+004
 4.85220000e+004
 1.36230000e+004
 4.78880000e+004
 1.55520000e+004
 6.72000000e+004
 1.50620000e+004
 6.32250000e+004
 1.48860000e+004
 5.41850000e+004
 1.58950000e+004
 6.10070000e+004
 1.53960000e+004
 5.73730000e+004
 1.65300000e+004
 5.85740000e+004
 1.70470000e+004
 6.07080000e+004
 1.91400000e+004
 6.71190000e+004
 1.35220000e+004
 5.49720000e+004
 1.49630000e+004
 6.22420000e+004
 1.50510000e+004
 5.44600000e+004
 1.82750000e+004
 6.26600000e+004
 1.56540000e+004
 7.01210000e+004
 1.90680000e+004
 6.56500000e+004
 1.62570000e+004
 6.65010000e+004
 1.71690000e+004
 7.58570000e+004
 1.90370000e+004
 1.69020000e+004
 7.62390000e+004
 1.78500000e+004
 1.72900000e+004
 7.19620000e+004
 1.69480000e+004
 1.67880000e+004
 6.81360000e+004
 1.35390000e+004
 5.72460000e+004
 1.39170000e+004
 7.79670000e+004
 1.32450000e+004
 1.31730000e+004
 6.46250000e+004
 1.36390000e+004
 1.27520000e+004
 6.74090000e+004
 1.27670000e+004
 1.27860000e+004
 6.18830000e+004
 1.50560000e+004
 1.36500000e+004
 6.36580000e+004
 1.58070000e+004
 1.54410000e+004
 6.19050000e+004
 1.61350000e+004
 1.54570000e+004
 6.11080000e+004
 1.96000000e+004
 7.27980000e+004
 2.08790000e+004
 1.96610000e+004
 6.49420000e+004
 1.98530000e+004
 5.75030000e+004
 2.04420000e+004
 6.40330000e+004
 2.26300000e+004
 7.19330000e+004
 2.00750000e+004
 5.55310000e+004
 2.10020000e+004
 5.34990000e+004
 2.96760000e+004
 7.31460000e+004
 3.29650000e+004
 6.95070000e+004
 3.71480000e+004
 8.04740000e+004
 5.55410000e+004
 3.30590000e+004
 7.99500000e+004
 5.00200000e+004
 6.26160000e+004
 3.12800000e+004
 7.49870000e+004
 3.33160000e+004
 7.72710000e+004
 5.07290000e+004
 6.67560000e+004
 6.28340000e+004
 6.20130000e+004
 6.63480000e+004
 3.49500000e+004
 7.67030000e+004
 5.04620000e+004
 7.63890000e+004
 5.58750000e+004
 6.46230000e+004
 5.95260000e+004
 5.61360000e+004
 6.61110000e+004
 5.76530000e+004
 6.18630000e+004
 6.59650000e+004
 5.62490000e+004
 6.45450000e+004
 6.46100000e+004
 5.91000000e+004
 5.38580000e+004
 6.56910000e+004
 7.16470000e+004
 4.47400000e+004
 1.00000000e+005
 3.82260000e+004
 7.23430000e+004
 3.53720000e+004
 6.81030000e+004
 3.39280000e+004
 6.97700000e+004
 3.13330000e+004
 5.70130000e+004
 1.79760000e+004
 1.00000000e+005
 4.24850000e+004
 4.68740000e+004
 2.62550000e+004
 5.86370000e+004
 2.64530000e+004
 5.38290000e+004
 2.65680000e+004
 5.13300000e+004
 4.01940000e+004
 4.99870000e+004
 4.47850000e+004
 2.74980000e+004
 5.96050000e+004
 4.49690000e+004
 2.77620000e+004
 6.21950000e+004
 2.42760000e+004
 5.48040000e+004
 2.19310000e+004
 5.47580000e+004
 2.49670000e+004
 5.96550000e+004
 2.52270000e+004
 5.59360000e+004
 2.37700000e+004
 5.82380000e+004
 2.35030000e+004
 5.66990000e+004
 2.22700000e+004
 4.90330000e+004
 6.37040000e+004
 2.47710000e+004
 5.99760000e+004
 2.68390000e+004
 6.15140000e+004
 2.36500000e+004
 6.06650000e+004
 2.40740000e+004
 5.95590000e+004
 4.95430000e+004
 2.59220000e+004
 6.22070000e+004
 4.01650000e+004
 5.21590000e+004
 6.50960000e+004
 2.78100000e+004
 6.91560000e+004
 2.73540000e+004
 6.20280000e+004
 2.43560000e+004
 5.78990000e+004
 2.16750000e+004
 5.05850000e+004
 2.56480000e+004
 6.06870000e+004
 5.10910000e+004
 4.44630000e+004
 2.23540000e+004
 5.74930000e+004
 4.84990000e+004
 2.20610000e+004
 5.94380000e+004
 2.15920000e+004
 5.22320000e+004
 2.55600000e+004
 5.59920000e+004
 2.43400000e+004
 6.19510000e+004
 2.42420000e+004
 5.33810000e+004
 5.23740000e+004
 2.33470000e+004
 6.47890000e+004
 2.53780000e+004
 5.69890000e+004
 4.75860000e+004
 2.22490000e+004
 5.60890000e+004
 4.22950000e+004
 2.06960000e+004
 6.32270000e+004
 2.10140000e+004
 5.98440000e+004
 2.20030000e+004
 5.48930000e+004
 2.41350000e+004
 6.27640000e+004
 4.86540000e+004
 2.32480000e+004
 6.72420000e+004
 1.95190000e+004
 5.55750000e+004
 2.07480000e+004
 5.91380000e+004
 1.88670000e+004
 5.48900000e+004
 1.98590000e+004
 5.18330000e+004
 1.97270000e+004
 5.88630000e+004
 2.11920000e+004
 5.63390000e+004
 1.95110000e+004
 5.97990000e+004
 2.07240000e+004
 6.06390000e+004
 2.13970000e+004
 5.80380000e+004
 2.01530000e+004
 6.46140000e+004
 1.82020000e+004
 5.45540000e+004
 2.08160000e+004
 5.53390000e+004
 2.13550000e+004
 6.57760000e+004
 3.77000000e+004
 4.82340000e+004
 2.65280000e+004
 6.81240000e+004
 2.21160000e+004
 5.56060000e+004
 2.31470000e+004
 5.77150000e+004
 2.59040000e+004
 6.01380000e+004
 4.72630000e+004
 2.66380000e+004
 7.17820000e+004
 2.70270000e+004
 6.65870000e+004
 2.34860000e+004
 5.50950000e+004
 2.35820000e+004
 6.07920000e+004
 2.18910000e+004
 5.27610000e+004
 2.54210000e+004
 6.21670000e+004
 2.34440000e+004
 5.71690000e+004
 2.69340000e+004
 6.08630000e+004
 3.01570000e+004
 5.86880000e+004
 5.02280000e+004
 6.00570000e+004
 5.23440000e+004
 3.37880000e+004
 7.33350000e+004
 4.29700000e+004
 3.21230000e+004
 7.74030000e+004
 3.16950000e+004
 6.16520000e+004
 3.86770000e+004
 4.63790000e+004
 3.95740000e+004
 8.39580000e+004
 1.00000000e+005
 2.85190000e+004
 1.92960000e+004
 3.98490000e+004
 2.14570000e+004
 4.41320000e+004
 3.36570000e+004
 2.22350000e+004
 4.49970000e+004
 3.90210000e+004
 4.30320000e+004
 4.88350000e+004
 2.16060000e+004
 5.07670000e+004
 1.99660000e+004
 4.03470000e+004
 4.74510000e+004
 1.81790000e+004
 4.05980000e+004
 1.89100000e+004
 4.59510000e+004
 1.80070000e+004
 4.56400000e+004
 1.64800000e+004
 4.19250000e+004
 1.82220000e+004
 4.31020000e+004
 3.59640000e+004
 3.73750000e+004
 1.56870000e+004
 4.25710000e+004
 1.87730000e+004
 5.88400000e+004
 2.02370000e+004
 5.44530000e+004
 1.93730000e+004
 5.09120000e+004
 2.01580000e+004
 4.75240000e+004
 1.91700000e+004
 5.68310000e+004
 1.92510000e+004
 4.65550000e+004
 2.09740000e+004
 5.23360000e+004
 4.26750000e+004
 2.03980000e+004
 5.28840000e+004
 1.99780000e+004
 4.84870000e+004
 2.01690000e+004
 5.25320000e+004
 2.45990000e+004
 5.59040000e+004
 2.43230000e+004
 5.27100000e+004
 4.22700000e+004
 3.97550000e+004
 4.91240000e+004
 4.66330000e+004
 2.62830000e+004
 6.30360000e+004
 2.33540000e+004
 4.97060000e+004
 4.77650000e+004
 2.25890000e+004
 6.00170000e+004
 1.98070000e+004
 4.28450000e+004
 4.46430000e+004
 4.84930000e+004
 4.01480000e+004
 4.69590000e+004
 2.09930000e+004
 6.11190000e+004
 2.29720000e+004
 5.93500000e+004
 1.89720000e+004
 4.56300000e+004
 2.25310000e+004
 5.76830000e+004
 2.21270000e+004
 5.10290000e+004
 4.15970000e+004
 4.05760000e+004
 2.35020000e+004
 6.45760000e+004
 2.43820000e+004
 5.90160000e+004
 2.09800000e+004
 5.17370000e+004
 2.23010000e+004
 5.83930000e+004
 2.33510000e+004
 5.91980000e+004
 2.53050000e+004
 6.36790000e+004
 2.67280000e+004
 5.74700000e+004
 2.40610000e+004
 6.27060000e+004
 2.41600000e+004
 6.03870000e+004
 5.26240000e+004
 2.55030000e+004
 6.18650000e+004
 2.79050000e+004
 5.78350000e+004
 5.16950000e+004
 5.36540000e+004
 6.31760000e+004
 5.21120000e+004
 3.08660000e+004
 6.87720000e+004
 3.01940000e+004
 6.44930000e+004
 3.24270000e+004
 7.16490000e+004
 3.10920000e+004
 6.22230000e+004
 5.38500000e+004
 5.69300000e+004
 5.50920000e+004
 5.38800000e+004
 5.39890000e+004
 5.40290000e+004
 3.24300000e+004
 7.12920000e+004
 4.98040000e+004
 4.90540000e+004
 5.13050000e+004
 4.91280000e+004
 6.26720000e+004
 5.27170000e+004
 5.09350000e+004
 5.02940000e+004
 5.65370000e+004
 5.13040000e+004
 5.03910000e+004
 5.18910000e+004
 5.09810000e+004
 5.45500000e+004
 5.17460000e+004
 5.26240000e+004
 5.19500000e+004
 5.83990000e+004
 5.85380000e+004
 5.25130000e+004
 5.11850000e+004
 2.97060000e+004
 6.58670000e+004
 4.65670000e+004
 4.90280000e+004
 5.28220000e+004
 6.02370000e+004
 6.01220000e+004
 5.79820000e+004
 6.52260000e+004
 6.80890000e+004
 6.25990000e+004
 9.15480000e+004
 4.35090000e+004
 4.59160000e+004
 4.51510000e+004
 4.06460000e+004
 3.74410000e+004
 4.10700000e+004
 4.14910000e+004
 4.45880000e+004
 3.90890000e+004
 3.67380000e+004
 3.93150000e+004
 4.04110000e+004
 3.92310000e+004
 3.91550000e+004
 3.77050000e+004
 4.50280000e+004
 3.96770000e+004
 3.75200000e+004
 3.87920000e+004
 3.73070000e+004
 3.88550000e+004
 3.99460000e+004
 4.03620000e+004
 3.98890000e+004
 3.79680000e+004
 3.85800000e+004
 4.15590000e+004
 4.24820000e+004
 3.87090000e+004
 4.81160000e+004
 5.61590000e+004
 5.37230000e+004
 4.58920000e+004
 5.38590000e+004
 5.18740000e+004
 4.85520000e+004
 4.91060000e+004
 5.11790000e+004
 5.01180000e+004
 4.50940000e+004
 4.31220000e+004
 4.08610000e+004
 3.85580000e+004
 3.96600000e+004
 4.09100000e+004
 4.05240000e+004
 3.97620000e+004
 3.94610000e+004
 4.87450000e+004
 3.85970000e+004
 4.34780000e+004
 4.23220000e+004
 4.40710000e+004
 4.21980000e+004
 4.31370000e+004
 4.42890000e+004
 4.29390000e+004
 4.02650000e+004
 4.50910000e+004
 3.85120000e+004
 3.71910000e+004
 3.97600000e+004
 4.11140000e+004
 3.93750000e+004
 4.02140000e+004
 4.28720000e+004
 3.95400000e+004
 3.97120000e+004
 4.18510000e+004
 4.17340000e+004
 3.81780000e+004
 4.29760000e+004
 4.38480000e+004
 4.37640000e+004
 4.32780000e+004
 4.45380000e+004
 5.08740000e+004
 4.85970000e+004
 5.12760000e+004
 5.54880000e+004
 6.01530000e+004
 6.20650000e+004
 4.84900000e+004
 4.81130000e+004
 5.01220000e+004
 4.83710000e+004
 4.42320000e+004
 5.59010000e+004
 4.52110000e+004
 4.51080000e+004
 4.46450000e+004
 5.57100000e+004
 4.78480000e+004
 5.03910000e+004
 4.33150000e+004
 5.02520000e+004
 4.56000000e+004
 4.36910000e+004
 4.29810000e+004
 4.48870000e+004
 4.62380000e+004
 4.49900000e+004
 4.61150000e+004
 4.71580000e+004
 4.79500000e+004
 4.48360000e+004
 4.34070000e+004
 4.54640000e+004
 4.81630000e+004
 4.46990000e+004
 5.04040000e+004
 4.69820000e+004
 4.88130000e+004
 5.35630000e+004
 6.29570000e+004
 4.04470000e+004
 5.61920000e+004
 4.96560000e+004
 4.75990000e+004
 4.57260000e+004
 4.63310000e+004
 5.15150000e+004
 5.04230000e+004
 4.51070000e+004
 4.23010000e+004
 4.42370000e+004
 3.96030000e+004
 4.13270000e+004
 3.64530000e+004
 3.63210000e+004
 3.89970000e+004
 3.87560000e+004
 4.02570000e+004
 3.78490000e+004
 3.75570000e+004
 3.91720000e+004
 3.87530000e+004
 3.83010000e+004
 3.86160000e+004
 3.80070000e+004
 4.12260000e+004
 3.64680000e+004
 3.75750000e+004
 3.81120000e+004
 3.34530000e+004
 4.02860000e+004
 3.36310000e+004
 4.32070000e+004
 3.71690000e+004
 2.00780000e+004
 4.62040000e+004
 2.02100000e+004
 3.89030000e+004
 2.24280000e+004
 4.05110000e+004
 3.07860000e+004
 2.21870000e+004
 4.56580000e+004
 1.72950000e+004
 1.00000000e+005
 2.54810000e+004
 5.29960000e+004
 2.33140000e+004
 5.71570000e+004
 2.09230000e+004
 4.45480000e+004
 2.39090000e+004
 5.85910000e+004
 2.26640000e+004
 5.74750000e+004
 2.21140000e+004
 4.90930000e+004
 2.20230000e+004
 4.47210000e+004
 4.32560000e+004
 2.82330000e+004
 5.45020000e+004
 2.91730000e+004
 5.48300000e+004
 5.05570000e+004
 6.19890000e+004
 2.44870000e+004
 5.76510000e+004
 2.65380000e+004
 4.93000000e+004
 5.02520000e+004
 2.76470000e+004
 5.75970000e+004
 2.40050000e+004
 5.32480000e+004
 2.31600000e+004
 6.31250000e+004
 4.90600000e+004
 2.69500000e+004
 6.75720000e+004
 2.57090000e+004
 6.11780000e+004
 2.63010000e+004
 5.95780000e+004
 2.63500000e+004
 6.43270000e+004
 2.68850000e+004
 5.56310000e+004
 6.17300000e+004
 2.59400000e+004
 5.64570000e+004
 4.94470000e+004
 5.51660000e+004
 5.77240000e+004
 2.78130000e+004
 6.52380000e+004
 2.53910000e+004
 5.56380000e+004
 2.64000000e+004
 6.30600000e+004
 2.68470000e+004
 5.62940000e+004
 5.02730000e+004
 4.69810000e+004
 4.72900000e+004
 5.13260000e+004
 4.88920000e+004
 5.77870000e+004
 2.45580000e+004
 6.56160000e+004
 4.53870000e+004
 2.60980000e+004
 6.36050000e+004
 4.91810000e+004
 5.56740000e+004
 2.68660000e+004
 6.95740000e+004
 5.19580000e+004
 4.64860000e+004
 5.09200000e+004
 4.41440000e+004
 2.37060000e+004
 6.44470000e+004
 4.27660000e+004
 2.28230000e+004
 6.22010000e+004
 3.98070000e+004
 5.56580000e+004
 4.52410000e+004
 4.22140000e+004
 4.93530000e+004
 2.42150000e+004
 6.29310000e+004
 2.23830000e+004
 5.60380000e+004
 2.46700000e+004
 5.71260000e+004
 3.79630000e+004
 4.82640000e+004
 5.32660000e+004
 3.81930000e+004
 4.33290000e+004
 4.64050000e+004
 2.57850000e+004
 6.30790000e+004
 4.34040000e+004
 6.28780000e+004
 2.59030000e+004
 6.71630000e+004
 2.45450000e+004
 5.58320000e+004
 2.34600000e+004
 5.99910000e+004
 2.03670000e+004
 5.79100000e+004
 2.07740000e+004
 5.72960000e+004
 2.19470000e+004
 5.77740000e+004
 2.26990000e+004
 6.50130000e+004
 2.31370000e+004
 5.59390000e+004
 2.19030000e+004
 6.17390000e+004
 2.41350000e+004
 6.64600000e+004
 2.21470000e+004
 5.40750000e+004
 2.10350000e+004
 5.55800000e+004
 2.04210000e+004
 6.07590000e+004
 2.16550000e+004
 5.50290000e+004
 5.63720000e+004
 2.12120000e+004
 6.27700000e+004
 2.46900000e+004
 5.83650000e+004
 2.09370000e+004
 6.07360000e+004
 1.93690000e+004
 5.49300000e+004
 1.96240000e+004
 6.12440000e+004
 1.84360000e+004
 5.55440000e+004
 1.98230000e+004
 5.71380000e+004
 1.89680000e+004
 5.41150000e+004
 2.00840000e+004
 5.96190000e+004
 1.87560000e+004
 4.67690000e+004
 3.49010000e+004
 2.04420000e+004
 6.16200000e+004
 2.14550000e+004
 5.09380000e+004
 2.32030000e+004
 5.16430000e+004
 1.79790000e+004
 1.00000000e+005
 1.76130000e+004
 4.45640000e+004
 1.58130000e+004
 3.68700000e+004
 1.48130000e+004
 3.70950000e+004
 4.22920000e+004
 2.08190000e+004
 5.09330000e+004
 1.84140000e+004
 5.14310000e+004
 1.54500000e+004
 4.71790000e+004
 1.62670000e+004
 4.39260000e+004
 1.77420000e+004
 5.05000000e+004
 1.52150000e+004
 4.67450000e+004
 1.80500000e+004
 5.41910000e+004
 1.65110000e+004
 4.41450000e+004
 1.50950000e+004
 4.66250000e+004
 1.71360000e+004
 4.44170000e+004
 3.95910000e+004
 4.44550000e+004
 1.67590000e+004
 5.47770000e+004
 1.90450000e+004
 6.57590000e+004
 1.83660000e+004
 5.85480000e+004
 1.91890000e+004
 5.63040000e+004
 1.88860000e+004
 5.53370000e+004
 1.71650000e+004
 5.63070000e+004
 1.66610000e+004
 5.41340000e+004
 1.64490000e+004
 4.88740000e+004
 1.93620000e+004
 5.93440000e+004
 2.16940000e+004
 6.04240000e+004
 2.11560000e+004
 5.51850000e+004
 2.00200000e+004
 5.81950000e+004
 2.01030000e+004
 5.86740000e+004
 2.21370000e+004
 5.56580000e+004
 5.32410000e+004
 2.20150000e+004
 6.12680000e+004
 2.12330000e+004
 5.90350000e+004
 2.02460000e+004
 6.27600000e+004
 1.91380000e+004
 5.33530000e+004
 2.00950000e+004
 5.86350000e+004
 1.96750000e+004
 6.12920000e+004
 1.82930000e+004
 5.19840000e+004
 1.79130000e+004
 5.69710000e+004
 1.99360000e+004
 6.61640000e+004
 1.83230000e+004
 5.49590000e+004
 1.97940000e+004
 5.77730000e+004
 1.94500000e+004
 6.27660000e+004
 1.93900000e+004
 5.23060000e+004
 1.75080000e+004
 5.62010000e+004
 2.07970000e+004
 6.62110000e+004
 1.56920000e+004
 5.09380000e+004
 1.82490000e+004
 5.73680000e+004
 1.90090000e+004
 5.80970000e+004
 1.92000000e+004
 5.28770000e+004
 1.85260000e+004
 5.85480000e+004
 1.93010000e+004
 5.69090000e+004
 1.99550000e+004
 5.46510000e+004
 2.04810000e+004
 5.92470000e+004
 2.32740000e+004
 6.31990000e+004
 2.36070000e+004
 5.64550000e+004
 2.47340000e+004
 6.13360000e+004
 2.48620000e+004
 6.31450000e+004
 3.29130000e+004
 6.81020000e+004
 5.67500000e+004
 5.98190000e+004
 3.41640000e+004
 8.15570000e+004
 3.56980000e+004
 7.30860000e+004
 6.00510000e+004
 3.81830000e+004
 8.08760000e+004
 5.56900000e+004
 7.07520000e+004
 6.28830000e+004
 6.34900000e+004
 6.81080000e+004
 6.95080000e+004
 7.40910000e+004
 7.17580000e+004
 6.90250000e+004
 6.84770000e+004
 6.52740000e+004
 6.66140000e+004
 4.33090000e+004
 7.79280000e+004
 5.47180000e+004
 3.56700000e+004
 7.19510000e+004
 3.67180000e+004
 6.93790000e+004
 3.22230000e+004
 6.08610000e+004
 5.79800000e+004
 3.52710000e+004
 7.92160000e+004
 3.66140000e+004
 7.32240000e+004
 3.06650000e+004
 6.86640000e+004
 2.68470000e+004
 6.00540000e+004
 2.62220000e+004
 5.50570000e+004
 2.75380000e+004
 5.40460000e+004
 3.25560000e+004
 4.91390000e+004
 1.00000000e+005
 4.56790000e+004
 5.63620000e+004
 3.54960000e+004
 6.85640000e+004
 5.19230000e+004
 5.78220000e+004
 5.18190000e+004
 3.33710000e+004
 6.94470000e+004
 2.95800000e+004
 6.06460000e+004
 5.25330000e+004
 6.02290000e+004
 6.93720000e+004
 3.45950000e+004
 7.65630000e+004
 3.53790000e+004
 6.64970000e+004
 5.27010000e+004
 5.43450000e+004
 5.81040000e+004
 5.40060000e+004
 5.72000000e+004
 6.12150000e+004
 6.71280000e+004
 4.26220000e+004
 7.97430000e+004
 3.96330000e+004
 7.39120000e+004
 5.20100000e+004
 7.16460000e+004
 4.02050000e+004
 7.60680000e+004
 5.94080000e+004
 5.75090000e+004
 6.07930000e+004
 3.37300000e+004
 6.95240000e+004
 3.13100000e+004
 6.89340000e+004
 3.40560000e+004
 6.53090000e+004
 5.41980000e+004
 3.02690000e+004
 6.33360000e+004
 4.09340000e+004
 5.01450000e+004
 2.74870000e+004
 6.10500000e+004
 2.69290000e+004
 6.37700000e+004
 4.21240000e+004
 2.71990000e+004
 6.29440000e+004
 4.02980000e+004
 5.21290000e+004
 2.55510000e+004
 5.82840000e+004
 4.97530000e+004
 4.65370000e+004
 2.81380000e+004
 6.26250000e+004
 4.68920000e+004
 6.01910000e+004
 4.87240000e+004
 5.95520000e+004
 4.56250000e+004
 2.38280000e+004
 6.10120000e+004
 2.58280000e+004
 5.28090000e+004
 5.82260000e+004
 1.98000000e+004
 5.08950000e+004
 2.60250000e+004
 6.35570000e+004
 2.48840000e+004
 6.30590000e+004
 2.59380000e+004
 5.85720000e+004
 2.41100000e+004
 6.02970000e+004
 2.03530000e+004
 5.69450000e+004
 2.26090000e+004
 5.57680000e+004
 2.29770000e+004
 6.10460000e+004
 2.50210000e+004
 5.60630000e+004
 2.14610000e+004
 5.71160000e+004
 2.09690000e+004
 5.55740000e+004
 1.94820000e+004
 5.67190000e+004
 1.76520000e+004
 5.37290000e+004
 1.78840000e+004
 4.69030000e+004
 5.03370000e+004
 1.90440000e+004
 5.92870000e+004
 1.75780000e+004
 5.17120000e+004
 1.67410000e+004
 4.91950000e+004
 1.83270000e+004
 5.08950000e+004
 1.69380000e+004
 5.85840000e+004
 1.91270000e+004
 5.82750000e+004
 1.92010000e+004
 1.86790000e+004
 6.11630000e+004
 1.84780000e+004
 1.73430000e+004
 5.74080000e+004
 1.98370000e+004
 1.74510000e+004
 6.25710000e+004
 1.83680000e+004
 1.82340000e+004
 5.90280000e+004
 1.76690000e+004
 1.63570000e+004
 5.26180000e+004
 3.21780000e+004
 5.79710000e+004
 1.78460000e+004
 1.78910000e+004
 6.91080000e+004
 1.79590000e+004
 1.68990000e+004
 5.26520000e+004
 1.96950000e+004
 1.79920000e+004
 6.00660000e+004
 1.87010000e+004
 1.79450000e+004
 6.09340000e+004
 1.82870000e+004
 1.84240000e+004
 6.20640000e+004
 1.71980000e+004
 1.89070000e+004
 5.96010000e+004
 1.88060000e+004
 1.94750000e+004
 5.75800000e+004
 1.98770000e+004
 1.95790000e+004
 5.28780000e+004
 2.10280000e+004
 2.19860000e+004
 5.06070000e+004
 1.99470000e+004
 3.14230000e+004
 1.00000000e+005
 1.69280000e+004
 4.10750000e+004
 1.79890000e+004
 4.03860000e+004
 1.97980000e+004
 2.03970000e+004
 4.59050000e+004
 1.95350000e+004
 4.55090000e+004
 2.07220000e+004
 4.90600000e+004
 2.18650000e+004
 4.19440000e+004
 2.33760000e+004
 4.66700000e+004
 2.63240000e+004
 5.01870000e+004
 3.16490000e+004
 6.17940000e+004
 3.97240000e+004
 6.36700000e+004
 5.76870000e+004
 5.54520000e+004
 5.37800000e+004
 4.93900000e+004
 5.86410000e+004
 5.14630000e+004
 5.90040000e+004
 4.90850000e+004
 3.96670000e+004
 6.47250000e+004
 6.58220000e+004
 6.80770000e+004
 5.92160000e+004
 6.35970000e+004
 7.17640000e+004
 6.01080000e+004
 5.76380000e+004
 5.79500000e+004
 5.79280000e+004
 6.14130000e+004
 5.95410000e+004
 5.88510000e+004
 6.06860000e+004
 5.41170000e+004
 5.58610000e+004
 4.36940000e+004
 5.03650000e+004
 5.07720000e+004
 5.57790000e+004
 3.33330000e+004
 5.87060000e+004
 2.79050000e+004
 5.37220000e+004
 4.81670000e+004
 4.85020000e+004
 5.19230000e+004
 2.54510000e+004
 5.64940000e+004
 2.30390000e+004
 5.26570000e+004
 1.97450000e+004
 4.40440000e+004
 2.20090000e+004
 5.31910000e+004
 2.22010000e+004
 4.90190000e+004
 3.95680000e+004
 5.36100000e+004
 2.48290000e+004
 6.03800000e+004
 2.33390000e+004
 4.79740000e+004
 2.29460000e+004
 5.23980000e+004
 2.63660000e+004
 5.23770000e+004
 2.87910000e+004
 5.25990000e+004
 2.73660000e+004
 5.65790000e+004
 2.94490000e+004
 5.49570000e+004
 2.92540000e+004
 5.30030000e+004
 5.90310000e+004
 2.62570000e+004
 5.65790000e+004
 2.65270000e+004
 5.88480000e+004
 2.65200000e+004
 6.38320000e+004
 2.40850000e+004
 5.39900000e+004
 2.33890000e+004
 6.11030000e+004
 1.94120000e+004
 5.42990000e+004
 1.83320000e+004
 4.81030000e+004
 4.94880000e+004
 1.84810000e+004
 5.71980000e+004
 1.77310000e+004
 5.01680000e+004
 1.87330000e+004
 5.05740000e+004
 2.01770000e+004
 5.12010000e+004
 2.17040000e+004
 4.47210000e+004
 2.41060000e+004
 5.39910000e+004
 4.34930000e+004
 6.17710000e+004
 2.63880000e+004
 5.61780000e+004
 4.12510000e+004
 4.29530000e+004
 2.40960000e+004
 5.91250000e+004
 4.06560000e+004
 5.07240000e+004
 4.49520000e+004
 2.10550000e+004
 5.01640000e+004
 4.40710000e+004
 4.22460000e+004
 2.33590000e+004
 5.81970000e+004
 4.23090000e+004
 2.11380000e+004
 6.06740000e+004
 2.23400000e+004
 5.84060000e+004
 2.19770000e+004
 5.39650000e+004
 2.30260000e+004
 5.39520000e+004
 2.24710000e+004
 5.20370000e+004
 2.09430000e+004
 5.01110000e+004
 4.68290000e+004
 4.65890000e+004
 2.48180000e+004
 6.32200000e+004
 3.64080000e+004
 2.14030000e+004
 6.04840000e+004
 2.25060000e+004
 5.34440000e+004
 3.59160000e+004
 2.22960000e+004
 6.22190000e+004
 2.28190000e+004
 4.53060000e+004
 2.50350000e+004
 4.15820000e+004
 1.00000000e+005
 2.08740000e+004
 4.95950000e+004
 2.08810000e+004
 4.90830000e+004
 2.02570000e+004
 5.12570000e+004
 1.97940000e+004
 5.66110000e+004
 2.07420000e+004
 5.08850000e+004
 1.91570000e+004
 4.97210000e+004
 4.71890000e+004
 1.74500000e+004
 4.97450000e+004
 1.86070000e+004
 5.32220000e+004
 1.94810000e+004
 5.50870000e+004
 1.62720000e+004
 4.56180000e+004
 1.96310000e+004
 5.07970000e+004
 2.31680000e+004
 5.86460000e+004
 4.20880000e+004
 2.17850000e+004
 6.27310000e+004
 1.98350000e+004
 5.27860000e+004
 2.23980000e+004
 7.30850000e+004
 2.50850000e+004
 6.47170000e+004
 2.23410000e+004
 6.38710000e+004
 2.30360000e+004
 5.93470000e+004
 2.63820000e+004
 6.56620000e+004
 5.98550000e+004
 6.18550000e+004
 2.50150000e+004
 6.50640000e+004
 2.51720000e+004
 6.55990000e+004
 2.63510000e+004
 6.54780000e+004
 2.83210000e+004
 6.80950000e+004
 2.65640000e+004
 6.74560000e+004
 2.55370000e+004
 6.51220000e+004
 2.43130000e+004
 6.65440000e+004
 2.45110000e+004
 6.30330000e+004
 2.40520000e+004
 6.83020000e+004
 2.66010000e+004
 6.67450000e+004
 2.33000000e+004
 6.07020000e+004
 2.31340000e+004
 6.27900000e+004
 2.16310000e+004
 5.91520000e+004
 2.33070000e+004
 6.04560000e+004
 5.68100000e+004
 2.24080000e+004
 6.31560000e+004
 2.26020000e+004
 6.47550000e+004
 2.10190000e+004
 5.87830000e+004
 2.16200000e+004
 6.02580000e+004
 2.39790000e+004
 5.95310000e+004
 2.46700000e+004
 6.56210000e+004
 2.30520000e+004
 6.26690000e+004
 2.64940000e+004
 6.47140000e+004
 2.52410000e+004
 6.76220000e+004
 2.31470000e+004
 6.98870000e+004
 2.30880000e+004
 5.47580000e+004
 2.36840000e+004
 6.09590000e+004
 2.59020000e+004
 6.32530000e+004
 2.80220000e+004
 5.84030000e+004
 6.46910000e+004
 5.98460000e+004
 3.00640000e+004
 6.68710000e+004
 4.80730000e+004
 4.47200000e+004
 2.84590000e+004
 7.36790000e+004
 2.49260000e+004
 6.33760000e+004
 2.36970000e+004
 5.55570000e+004
 2.39190000e+004
 6.53290000e+004
 2.17560000e+004
 5.98840000e+004
 2.30530000e+004
 5.44750000e+004
 2.12030000e+004
 6.33900000e+004
 2.07680000e+004
 5.94760000e+004
 2.01470000e+004
 5.10740000e+004
 1.83710000e+004
 5.43910000e+004
 2.04240000e+004
 5.24290000e+004
 4.20720000e+004
 5.67560000e+004
 2.46150000e+004
 6.37420000e+004
 2.27900000e+004
 5.62370000e+004
 2.07070000e+004
 4.74100000e+004
 5.37850000e+004
 2.29050000e+004
 6.46160000e+004
 4.03280000e+004
 5.61870000e+004
 2.53340000e+004
 7.21490000e+004
 2.09200000e+004
 5.37470000e+004
 2.03340000e+004
 5.67640000e+004
 2.05750000e+004
 5.86700000e+004
 2.24140000e+004
 5.64470000e+004
 2.19670000e+004
 6.22030000e+004
 2.29780000e+004
 5.84640000e+004
 2.36680000e+004
 5.37140000e+004
 3.58060000e+004
 5.31980000e+004
 5.93410000e+004
 1.00000000e+005
 2.36850000e+004
 4.44920000e+004
 2.34740000e+004
 4.72940000e+004
 2.38860000e+004
 4.55850000e+004
 3.72930000e+004
 3.83270000e+004
 2.94010000e+004
 5.12700000e+004
 4.02710000e+004
 3.15440000e+004
 5.86610000e+004
 4.04330000e+004
 2.85210000e+004
 5.32240000e+004
 2.75600000e+004
 5.04750000e+004
 3.72630000e+004
 4.04660000e+004
 2.59700000e+004
 5.34180000e+004
 2.13530000e+004
 4.81190000e+004
 2.15250000e+004
 4.68430000e+004
 4.26750000e+004
 2.51130000e+004
 5.59910000e+004
 2.50830000e+004
 5.12920000e+004
 2.88670000e+004
 6.81120000e+004
 2.87890000e+004
 6.52510000e+004
 3.31620000e+004
 6.20900000e+004
 3.26670000e+004
 7.05710000e+004
 3.97160000e+004
 6.83810000e+004
 4.90160000e+004
 3.45490000e+004
 7.13900000e+004
 5.38500000e+004
 6.20140000e+004
 5.07080000e+004
 5.62210000e+004
 4.98940000e+004
 5.50150000e+004
 5.82670000e+004
 5.32500000e+004
 5.36810000e+004
 5.73520000e+004
 5.34950000e+004
 6.12740000e+004
 5.00760000e+004
 5.37490000e+004
 5.06550000e+004
 4.82520000e+004
 4.96920000e+004
 4.82870000e+004
 4.63990000e+004
 5.08580000e+004
 4.88800000e+004
 5.32240000e+004
 5.18520000e+004
 4.92820000e+004
 2.71000000e+004
 5.45770000e+004
 2.48530000e+004
 5.75210000e+004
 2.27550000e+004
 5.37070000e+004
 1.94520000e+004
 4.69300000e+004
 1.92480000e+004
 4.70910000e+004
 1.92660000e+004
 5.22630000e+004
 2.07810000e+004
 1.88540000e+004
 5.03680000e+004
 3.51960000e+004
 4.48920000e+004
 1.88190000e+004
 5.23990000e+004
 1.82220000e+004
 4.07890000e+004
 2.05240000e+004
 5.07370000e+004
 2.41440000e+004
 5.01180000e+004
 3.59030000e+004
 3.62030000e+004
 5.19540000e+004
 4.53320000e+004
 2.51380000e+004
 5.73710000e+004
 3.77030000e+004
 4.44020000e+004
 2.21290000e+004
 5.51580000e+004
 2.06240000e+004
 5.07040000e+004
 2.07140000e+004
 4.74030000e+004
 1.97370000e+004
 5.08830000e+004
 1.97020000e+004
 5.08690000e+004
 2.24200000e+004
 5.21280000e+004
 4.96570000e+004
 2.03430000e+004
 5.51750000e+004
 1.85930000e+004
 4.75270000e+004
 1.81820000e+004
 5.26710000e+004
 1.78100000e+004
 4.64800000e+004
 1.96090000e+004
 5.35740000e+004
 1.81050000e+004
 5.78350000e+004
 1.70550000e+004
 4.75060000e+004
 1.75640000e+004
 5.03260000e+004
 1.95060000e+004
 5.68420000e+004
 1.98730000e+004
 5.29530000e+004
 2.19610000e+004
 5.41090000e+004
 2.29040000e+004
 6.08460000e+004
 2.89010000e+004
 6.00840000e+004
 3.14860000e+004
 6.89970000e+004
 5.90260000e+004
 3.56840000e+004
 8.15430000e+004
 4.38700000e+004
 7.54260000e+004
 4.73600000e+004
 7.49110000e+004
 5.08390000e+004
 7.78650000e+004
 4.97240000e+004
 7.48490000e+004
 4.56530000e+004
 6.47620000e+004
 4.23960000e+004
 5.95080000e+004
 2.61760000e+004
 1.84080000e+004
 9.12090000e+004
 1.58370000e+004
 2.93080000e+004
 1.48520000e+004
 2.65920000e+004
 1.28280000e+004
 2.69940000e+004
 1.31080000e+004
 2.93470000e+004
 1.59900000e+004
 3.07560000e+004
 2.67870000e+004
 2.69270000e+004
 1.59000000e+004
 3.68140000e+004
 1.54560000e+004
 3.41450000e+004
 1.46400000e+004
 3.27960000e+004
 1.43410000e+004
 3.31660000e+004
 1.50190000e+004
 3.01470000e+004
 1.56960000e+004
 3.35650000e+004
 2.47280000e+004
 1.47980000e+004
 3.39970000e+004
 2.53690000e+004
 2.83250000e+004
 2.55600000e+004
 3.84810000e+004
 4.45220000e+004
 3.67970000e+004
 2.06020000e+004
 4.77300000e+004
 2.10180000e+004
 4.10320000e+004
 2.12000000e+004
 4.54110000e+004
 3.30430000e+004
 4.59900000e+004
 2.06150000e+004
 4.71610000e+004
 1.99850000e+004
 4.19270000e+004
 2.32830000e+004
 4.36230000e+004
 2.19230000e+004
 4.44190000e+004
 3.24520000e+004
 3.91690000e+004
 3.25210000e+004
 2.35750000e+004
 4.37120000e+004
 2.41140000e+004
 4.33260000e+004
 2.33640000e+004
 4.57640000e+004
 2.76200000e+004
 4.41790000e+004
 3.00560000e+004
 4.85790000e+004
 4.16150000e+004
 3.53690000e+004
 5.25370000e+004
 4.72040000e+004
 5.43870000e+004
 5.22770000e+004
 5.24500000e+004
 5.82200000e+004
 5.42500000e+004
 5.35330000e+004
 5.71980000e+004
 5.90200000e+004
 6.18640000e+004
 6.77470000e+004
 1.00000000e+005
 6.45030000e+004
 6.49580000e+004
 6.99240000e+004
 7.01170000e+004
 7.26350000e+004
 7.33860000e+004
 8.55800000e+004
 7.67220000e+004
 8.09390000e+004
 7.66570000e+004
 7.45560000e+004
 7.08560000e+004
 7.04440000e+004
 7.10830000e+004
 7.00750000e+004
 7.00200000e+004
 6.98980000e+004
 6.87070000e+004
 6.88090000e+004
 7.01390000e+004
 6.26400000e+004
 6.81060000e+004
 5.96460000e+004
 5.92970000e+004
 4.89050000e+004
 4.48240000e+004
 4.34720000e+004
 3.22300000e+004
 5.21620000e+004
 3.20000000e+004
 5.11400000e+004
 3.01000000e+004
 4.96840000e+004
 2.81910000e+004
 4.72640000e+004
 2.77610000e+004
 4.60870000e+004
 2.76550000e+004
 4.69520000e+004
 4.79670000e+004
 2.97390000e+004
 5.14660000e+004
 3.19030000e+004
 5.18740000e+004
 3.27490000e+004
 5.07050000e+004
 3.45780000e+004
 5.09390000e+004
 4.12050000e+004
 4.25590000e+004
 5.31240000e+004
 4.24660000e+004
 4.20060000e+004
 4.51570000e+004
 3.58840000e+004
 5.23470000e+004
 4.30940000e+004
 3.64040000e+004
 5.26010000e+004
 3.97730000e+004
 5.10960000e+004
 3.73970000e+004
 5.01910000e+004
 4.16610000e+004
 4.55510000e+004
 4.54990000e+004
 3.88690000e+004
 5.36120000e+004
 4.08120000e+004
 5.43460000e+004
 3.55920000e+004
 4.67140000e+004
 4.73780000e+004
 3.23700000e+004
 5.22470000e+004
 3.39550000e+004
 4.79060000e+004
 3.14410000e+004
 4.44490000e+004
 3.75050000e+004
 3.87880000e+004
 6.86520000e+004
 1.00000000e+005
 4.91090000e+004
 7.02350000e+004
 4.78490000e+004
 6.59600000e+004
 4.72560000e+004
 7.34940000e+004
 4.83870000e+004
 7.39460000e+004
 4.88970000e+004
 7.72250000e+004
 5.33150000e+004
 7.54070000e+004
 5.60530000e+004
 7.86520000e+004
 6.06820000e+004
 8.64690000e+004
 6.35070000e+004
 8.49690000e+004
 7.82140000e+004
 7.78870000e+004
 6.81800000e+004
 8.64920000e+004
 8.60480000e+004
 6.86410000e+004
 6.46210000e+004
 7.80250000e+004
 6.52800000e+004
 5.70910000e+004
 5.60860000e+004
 5.40050000e+004
 4.40010000e+004
 7.82860000e+004
 3.77840000e+004
 6.81130000e+004
 3.45510000e+004
 6.76880000e+004
 3.24850000e+004
 5.99250000e+004
 3.23710000e+004
 6.61000000e+004
 3.12110000e+004
 6.77670000e+004
 3.58150000e+004
 7.21360000e+004
 3.71160000e+004
 7.65680000e+004
 4.11340000e+004
 7.48820000e+004
 4.20870000e+004
 7.41200000e+004
 4.40920000e+004
 7.44500000e+004
 4.44850000e+004
 7.00910000e+004
 7.18010000e+004
 6.97140000e+004
 4.63520000e+004
 7.71220000e+004
 4.49400000e+004
 7.02140000e+004
 4.14280000e+004
 6.90090000e+004
 3.35530000e+004
 6.28650000e+004
 2.83580000e+004
 5.64970000e+004
 2.46480000e+004
 5.48200000e+004
 2.23720000e+004
 5.28270000e+004
 2.14600000e+004
 5.48990000e+004
 2.29950000e+004
 5.49830000e+004
 2.46360000e+004
 6.30030000e+004
 2.39930000e+004
 6.23020000e+004
 2.29670000e+004
 5.50590000e+004
 2.22990000e+004
 5.28630000e+004
 3.39510000e+004
 5.57340000e+004
 4.81110000e+004
 4.87690000e+004
 5.07740000e+004
 4.40980000e+004
 2.47170000e+004
 6.79660000e+004
 2.00830000e+004
 5.98140000e+004
 1.84170000e+004
 5.40060000e+004
 1.76040000e+004
 5.45940000e+004
 1.75880000e+004
 5.80930000e+004
 1.86970000e+004
 5.68640000e+004
 2.02280000e+004
 6.20600000e+004
 1.63890000e+004
 5.80540000e+004
 1.69810000e+004
 6.88530000e+004
 1.71940000e+004
 5.76610000e+004
 1.33310000e+004
 4.90900000e+004
 1.14520000e+004
 4.99230000e+004
 1.44720000e+004
 6.06180000e+004
 1.27840000e+004
 5.17360000e+004
 1.25320000e+004
 5.74110000e+004
 1.14350000e+004
 6.02500000e+004
 1.14600000e+004
 1.15850000e+004
 7.67350000e+004
 8.46400000e+003
 7.23600000e+003
 5.38600000e+004
 7.89100000e+003
 9.66400000e+003
 4.61680000e+004
 9.18000000e+003
 9.04100000e+003
 4.09160000e+004
 7.17800000e+003
 6.49600000e+003
 3.39930000e+004
 5.76400000e+003
 5.06300000e+003
 3.44240000e+004
 6.39200000e+003
 6.20200000e+003
 2.93620000e+004
 7.13300000e+003
 4.83300000e+003
 4.64910000e+004
 4.74100000e+003
 5.15800000e+003
 3.15200000e+004
 5.54400000e+003
 5.45800000e+003
 2.61690000e+004
 5.13700000e+003
 4.35600000e+003
 2.04860000e+004
 2.92300000e+003
 4.69000000e+003
 2.22790000e+004
 4.11300000e+003
 3.49800000e+003
 7.63900000e+003
 1.00000000e+005
 6.59400000e+003
 6.95400000e+003
 4.69380000e+004
 5.38600000e+003
 6.48900000e+003
 5.08580000e+004
 7.56300000e+003
 7.98400000e+003
 4.88830000e+004
 6.98900000e+003
 6.51300000e+003
 7.22890000e+004
 5.64600000e+003
 5.84500000e+003
 5.64330000e+004
 5.94100000e+003
 4.85200000e+003
 6.22240000e+004
 6.05500000e+003
 4.93200000e+003
 5.03910000e+004
 4.73300000e+003
 4.87200000e+003
 5.15010000e+004
 2.89100000e+003
 4.56600000e+003
 7.41030000e+004
 4.72000000e+003
 5.06400000e+003
 9.49000000e+004
 2.12900000e+003
 2.89500000e+003
 7.76340000e+004
 3.25100000e+003
 3.81300000e+003
 5.49630000e+004
 4.69200000e+003
 4.83000000e+003
 5.27070000e+004
 4.36500000e+003
 4.20600000e+003
 6.64620000e+004
 3.28100000e+003
 3.00800000e+003
 4.52770000e+004
 2.26500000e+003
 1.38800000e+003
 5.40090000e+004
 1.67000000e+003
 1.04600000e+003
 5.23690000e+004
 3.90400000e+003
 3.58800000e+003
 6.62830000e+004
 4.56000000e+003
 2.56800000e+003
 5.34990000e+004
 2.14600000e+003
 2.22800000e+003
 5.99970000e+004
 3.81900000e+003
 1.91000000e+003
 6.91110000e+004
 2.63100000e+003
 2.58200000e+003
 5.00940000e+004
 3.68700000e+003
 4.11900000e+003
 7.07770000e+004
 2.36200000e+003
 2.88900000e+003
 4.32270000e+004
 2.61000000e+003
 2.92700000e+003
 5.70390000e+004
 4.67100000e+003
 6.34200000e+003
 5.85430000e+004
 6.66000000e+003
 6.11300000e+003
 5.66890000e+004
 5.93300000e+003
 5.17700000e+003
 4.52400000e+004
 6.07500000e+003
 4.57000000e+003
 4.99190000e+004
 5.61200000e+003
 5.50700000e+003
 5.67570000e+004
 5.12800000e+003
 4.32800000e+003
 5.17250000e+004
 5.76200000e+003
 4.75400000e+003
 7.93530000e+004
 3.31100000e+003
 2.72800000e+003
 5.91840000e+004
 2.00400000e+003
 2.42800000e+003
 3.56610000e+004
 3.01100000e+003
 3.18800000e+003
 3.68340000e+004
 2.38200000e+003
 2.91600000e+003
 3.10940000e+004
 1.79600000e+003
 2.48500000e+003
 2.96400000e+004
 1.78870000e+004
 2.16120000e+004
 9.98190000e+004
 1.70360000e+004
 1.70220000e+004
 9.05110000e+004
 1.52630000e+004
 1.47380000e+004
 7.18410000e+004
 1.36820000e+004
 1.38380000e+004
 7.06630000e+004
 1.32380000e+004
 1.21910000e+004
 7.95610000e+004
 1.53240000e+004
 1.35730000e+004
 1.00000000e+005
 1.15760000e+004
 1.11630000e+004
 7.02220000e+004
 9.62100000e+003
 9.93000000e+003
 6.39320000e+004
 8.19500000e+003
 8.29100000e+003
 6.43410000e+004
 7.60600000e+003
 6.90900000e+003
 7.21260000e+004
 6.61900000e+003
 6.21500000e+003
 6.37960000e+004
 6.01000000e+003
 5.53800000e+003
 5.51430000e+004
 6.25200000e+003
 5.77700000e+003
 5.49520000e+004
 6.55700000e+003
 6.02400000e+003
 4.60260000e+004
 6.35800000e+003
 6.67900000e+003
 4.55840000e+004
 6.68400000e+003
 6.73000000e+003
 1.34710000e+004
 1.00000000e+005
 5.41000000e+003
 5.46700000e+003
 4.52900000e+004
 6.57400000e+003
 6.69300000e+003
 6.32530000e+004
 6.69400000e+003
 6.58600000e+003
 7.06300000e+004
 7.62000000e+003
 7.74600000e+003
 7.53280000e+004
 8.44900000e+003
 8.04800000e+003
 6.94170000e+004
 8.32800000e+003
 7.03700000e+003
 7.28140000e+004
 7.08500000e+003
 6.63900000e+003
 7.37170000e+004
 6.96700000e+003
 6.85700000e+003
 8.02560000e+004
 9.49700000e+003
 9.54400000e+003
 9.23230000e+004
 8.95300000e+003
 8.56900000e+003
 7.19110000e+004
 9.34000000e+003
 9.58800000e+003
 1.00000000e+005
 9.58300000e+003
 8.46100000e+003
 8.89690000e+004
 9.52800000e+003
 1.04950000e+004
 8.95540000e+004
 1.01190000e+004
 1.02450000e+004
 8.78020000e+004
 9.83600000e+003
 8.67000000e+003
 8.44830000e+004
 1.06640000e+004
 9.29900000e+003
 8.75290000e+004
 8.59700000e+003
 7.81100000e+003
 8.17890000e+004
 7.93700000e+003
 1.01110000e+004
 1.00000000e+005
 8.73100000e+003
 9.23500000e+003
 8.42880000e+004
 9.13300000e+003
 9.68200000e+003
 9.02490000e+004
 1.15980000e+004
 1.05410000e+004
 9.11720000e+004
 1.29800000e+004
 1.17540000e+004
 1.00000000e+005
 1.07340000e+004
 9.46100000e+003
 8.66510000e+004
 9.63600000e+003
 9.30800000e+003
 8.86720000e+004
 9.52400000e+003
 9.32300000e+003
 9.14350000e+004
 9.95800000e+003
 1.03900000e+004
 8.85350000e+004
 1.16110000e+004
 1.10410000e+004
 9.54170000e+004
 1.26610000e+004
 1.18630000e+004
 1.00000000e+005
 1.15130000e+004
 1.07050000e+004
 8.79680000e+004
 1.10460000e+004
 1.06850000e+004
 8.14550000e+004
 1.21900000e+004
 1.20760000e+004
 8.80310000e+004
 1.43120000e+004
 1.50660000e+004
 9.36810000e+004
 1.59600000e+004
 1.52150000e+004
 9.86670000e+004
 1.59070000e+004
 1.42370000e+004
 8.90440000e+004
 1.39810000e+004
 1.29570000e+004
 8.84060000e+004
 1.38120000e+004
 1.52750000e+004
 9.09660000e+004
 1.60800000e+004
 1.62610000e+004
 9.32660000e+004
 2.06260000e+004
 1.85090000e+004
 1.00000000e+005
 1.62460000e+004
 1.71640000e+004
 9.55450000e+004
 1.53560000e+004
 1.53410000e+004
 9.15020000e+004
 1.49740000e+004
 1.43820000e+004
 9.18600000e+004
 1.56900000e+004
 1.48490000e+004
 8.89020000e+004
 1.28590000e+004
 1.36600000e+004
 9.26180000e+004
 1.40610000e+004
 1.64600000e+004
 1.00000000e+005
 1.81540000e+004
 1.79720000e+004
 9.70510000e+004
 1.78640000e+004
 1.90070000e+004
 9.47250000e+004
 1.98750000e+004
 2.27660000e+004
 1.00000000e+005
 1.86690000e+004
 1.92750000e+004
 9.01210000e+004
 1.80970000e+004
 1.92110000e+004
 9.29460000e+004
 1.81060000e+004
 2.02470000e+004
 8.77530000e+004
 1.94310000e+004
 2.06010000e+004
 8.24570000e+004
 1.91920000e+004
 2.06230000e+004
 6.54420000e+004
 1.97550000e+004
 2.20950000e+004
 3.72550000e+004
 1.00000000e+005
 1.14880000e+004
 1.07130000e+004
 4.93790000e+004
 1.11770000e+004
 1.16090000e+004
 4.63100000e+004
 1.09780000e+004
 9.34100000e+003
 4.99540000e+004
 1.19860000e+004
 1.00010000e+004
 6.26860000e+004
 1.03790000e+004
 1.00320000e+004
 5.35730000e+004
 1.13800000e+004
 9.99200000e+003
 5.47020000e+004
 1.13430000e+004
 1.07100000e+004
 5.60110000e+004
 1.19720000e+004
 1.23420000e+004
 5.96900000e+004
 1.28740000e+004
 1.30440000e+004
 5.83960000e+004
 1.24290000e+004
 1.11090000e+004
 5.68030000e+004
 1.42780000e+004
 1.51310000e+004
 7.90430000e+004
 1.67510000e+004
 1.63130000e+004
 6.79210000e+004
 1.42730000e+004
 6.66820000e+004
 1.57610000e+004
 7.29740000e+004
 1.29860000e+004
 5.90670000e+004
 1.40860000e+004
 5.77600000e+004
 1.56480000e+004
 6.32650000e+004
 1.44430000e+004
 5.88270000e+004
 1.43850000e+004
 6.25720000e+004
 1.53630000e+004
 6.26590000e+004
 1.51730000e+004
 5.98880000e+004
 1.68090000e+004
 6.41100000e+004
 1.62000000e+004
 6.68780000e+004
 1.94180000e+004
 6.64770000e+004
 1.94810000e+004
 6.74850000e+004
 1.78380000e+004
 6.60170000e+004
 1.91060000e+004
 6.00520000e+004
 2.23390000e+004
 8.89900000e+004
 2.10610000e+004
 6.88790000e+004
 2.28420000e+004
 7.14040000e+004
 2.47660000e+004
 7.91460000e+004
 2.34160000e+004
 8.80610000e+004
 2.11620000e+004
 7.39590000e+004
 2.18880000e+004
 7.12680000e+004
 2.45140000e+004
 7.54580000e+004
 2.36300000e+004
 7.53240000e+004
 2.15430000e+004
 6.73920000e+004
 2.39070000e+004
 7.36480000e+004
 2.29510000e+004
 6.95490000e+004
 2.32990000e+004
 7.10710000e+004
 2.39260000e+004
 6.98740000e+004
 2.26250000e+004
 7.14460000e+004
 2.52560000e+004
 7.92450000e+004
 2.49400000e+004
 8.32040000e+004
 2.40760000e+004
 7.88540000e+004
 2.59330000e+004
 7.25170000e+004
 2.43310000e+004
 7.54840000e+004
 2.26990000e+004
 6.69340000e+004
 2.08480000e+004
 7.12700000e+004
 2.26480000e+004
 8.67950000e+004
 2.21510000e+004
 7.25830000e+004
 2.07770000e+004
 6.96250000e+004
 2.09440000e+004
 7.36590000e+004
 2.12870000e+004
 7.33150000e+004
 2.45910000e+004
 8.04250000e+004
 2.28590000e+004
 8.07550000e+004
 2.27780000e+004
 9.64340000e+004
 1.68800000e+004
 6.14580000e+004
 1.95150000e+004
 7.06720000e+004
 2.20340000e+004
 7.60540000e+004
 2.32710000e+004
 6.93500000e+004
 2.50110000e+004
 8.08900000e+004
 2.31070000e+004
 8.06410000e+004
 2.12970000e+004
 7.48930000e+004
 2.03210000e+004
 7.05810000e+004
 1.94310000e+004
 6.32690000e+004
 1.98260000e+004
 6.90570000e+004
 2.04290000e+004
 6.96090000e+004
 1.98840000e+004
 6.17130000e+004
 2.41540000e+004
 7.22650000e+004
 2.56560000e+004
 7.33130000e+004
 3.39670000e+004
 8.22680000e+004
 3.28580000e+004
 6.90810000e+004
 1.77500000e+004
 1.00000000e+005
 2.81550000e+004
 8.08400000e+004
 2.79720000e+004
 8.07750000e+004
 2.67360000e+004
 9.77940000e+004
 2.50440000e+004
 8.00230000e+004
 2.90430000e+004
 9.02290000e+004
 2.26480000e+004
 7.71620000e+004
 2.26670000e+004
 7.11840000e+004
 2.23490000e+004
 7.85070000e+004
 2.26300000e+004
 7.72020000e+004
 2.63630000e+004
 7.78310000e+004
 3.02430000e+004
 8.29390000e+004
 2.92390000e+004
 9.77090000e+004
 2.51860000e+004
 6.89100000e+004
 2.53350000e+004
 7.60050000e+004
 2.54960000e+004
 7.87780000e+004
 2.66770000e+004
 7.91190000e+004
 2.89330000e+004
 7.52260000e+004
 2.80330000e+004
 8.06950000e+004
 2.73440000e+004
 6.83610000e+004
 2.81150000e+004
 7.01420000e+004
 2.59980000e+004
 6.77600000e+004
 5.52730000e+004
 5.06430000e+004
 5.11360000e+004
 4.99360000e+004
 5.74940000e+004
 5.26410000e+004
 5.35990000e+004
 5.22360000e+004
 5.23480000e+004
 4.54040000e+004
 5.89950000e+004
 4.16540000e+004
 4.20720000e+004
 4.35100000e+004
 4.31610000e+004
 4.30810000e+004
 4.37960000e+004
 4.20080000e+004
 4.17080000e+004
 4.12580000e+004
 4.09730000e+004
 4.44640000e+004
 4.03340000e+004
 4.18910000e+004
 4.20890000e+004
 2.33760000e+004
 6.03710000e+004
 2.29440000e+004
 5.20820000e+004
 2.21180000e+004
 5.20710000e+004
 2.30860000e+004
 5.25980000e+004
 4.56200000e+004
 2.26930000e+004
 5.14570000e+004
 3.68810000e+004
 4.15140000e+004
 4.66050000e+004
 4.85460000e+004
 2.39310000e+004
 5.30840000e+004
 3.65790000e+004
 2.29750000e+004
 5.28330000e+004
 3.68110000e+004
 2.42110000e+004
 5.51370000e+004
 3.74230000e+004
 2.43310000e+004
 5.25630000e+004
 3.68150000e+004
 2.51630000e+004
 5.56430000e+004
 3.71230000e+004
 2.46910000e+004
 5.35870000e+004
 2.45010000e+004
 5.19760000e+004
 2.17800000e+004
 4.78050000e+004
 2.08650000e+004
 4.63370000e+004
 3.32800000e+004
 3.87380000e+004
 3.60350000e+004
 4.01510000e+004
 3.85270000e+004
 4.45470000e+004
 3.48080000e+004
 1.97640000e+004
 4.84510000e+004
 3.24360000e+004
 1.89250000e+004
 4.86660000e+004
 2.02220000e+004
 4.46900000e+004
 3.68460000e+004
 2.07150000e+004
 5.12410000e+004
 2.12780000e+004
 4.80550000e+004
 2.04020000e+004
 5.03240000e+004
 2.02580000e+004
 4.63720000e+004
 2.23490000e+004
 4.73480000e+004
 2.11590000e+004
 4.69940000e+004
 2.08840000e+004
 4.52350000e+004
 2.34040000e+004
 4.53710000e+004
 2.13890000e+004
 4.57340000e+004
 3.15040000e+004
 3.82720000e+004
 2.12250000e+004
 4.81320000e+004
 2.78090000e+004
 3.37430000e+004
 2.07880000e+004
 4.39230000e+004
 3.15790000e+004
 3.27990000e+004
 3.12980000e+004
 3.33710000e+004
 1.92060000e+004
 4.82120000e+004
 1.95730000e+004
 3.83910000e+004
 2.46440000e+004
 1.88170000e+004
 4.35270000e+004
 2.15500000e+004
 3.16220000e+004
 1.00000000e+005
 3.66720000e+004
 7.58750000e+004
 3.48130000e+004
 7.89220000e+004
