   1.9312000e+04
   1.5995000e+04
   2.1409000e+04
   2.2061000e+04
   2.2210000e+04
   2.1238000e+04
   1.9717000e+04
   3.1544000e+04
   1.7319000e+04
   4.3510000e+04
   1.4679000e+04
   2.1392000e+04
   3.1938000e+04
   2.0092000e+04
   3.2582000e+04
   2.4024000e+04
   2.5143000e+04
   2.5965000e+04
   2.6052000e+04
   2.5931000e+04
   2.0678000e+04
   3.2954000e+04
   1.9922000e+04
   3.1927000e+04
   2.4240000e+04
   2.5437000e+04
   2.6053000e+04
   2.6348000e+04
   2.7007000e+04
   2.1200000e+04
   2.7956000e+04
   2.6408000e+04
   2.6582000e+04
   2.1196000e+04
   3.3317000e+04
   1.9217000e+04
   3.2401000e+04
   2.3567000e+04
   2.4727000e+04
   2.4354000e+04
   3.0198000e+04
   2.2886000e+04
   2.9489000e+04
   2.2487000e+04
   2.8939000e+04
   2.2428000e+04
   2.9013000e+04
   2.1946000e+04
   2.9069000e+04
   2.2616000e+04
   2.9338000e+04
   2.1487000e+04
   3.4745000e+04
   2.0077000e+04
   2.7086000e+04
   2.0951000e+04
   3.3967000e+04
   1.9254000e+04
   3.1635000e+04
   1.8427000e+04
   3.5335000e+04
   1.7574000e+04
   3.3048000e+04
   1.6721000e+04
   3.9010000e+04
   1.8731000e+04
   2.6676000e+04
   2.1579000e+04
   2.8636000e+04
   2.6795000e+04
   2.1142000e+04
   3.8340000e+04
   1.8266000e+04
   2.5281000e+04
   2.4774000e+04
   2.9455000e+04
   2.3940000e+04
   2.5410000e+04
   2.9159000e+04
   2.3581000e+04
   2.4389000e+04
   2.8292000e+04
   3.5160000e+04
   2.7198000e+04
   1.8546000e+04
   1.5301000e+04
   4.7001000e+04
   1.8435000e+04
   2.4060000e+04
   2.8931000e+04
   2.3255000e+04
   2.4082000e+04
   2.4034000e+04
   2.4154000e+04
   2.4149000e+04
   2.8930000e+04
   3.4002000e+04
   3.0082000e+04
   1.9582000e+04
   2.0137000e+04
   2.4004000e+04
   2.7947000e+04
   2.6080000e+04
   2.1542000e+04
   2.7393000e+04
   2.6311000e+04
   2.6021000e+04
   2.6266000e+04
   2.6336000e+04
   2.6051000e+04
   2.5578000e+04
   2.9409000e+04
   3.7229000e+04
   2.0725000e+04
   2.2066000e+04
   2.7286000e+04
   2.2143000e+04
   2.3185000e+04
   2.8219000e+04
   6.4135000e+04
   1.4565000e+04
   1.1718000e+04
   1.5142000e+04
   1.8545000e+04
   3.1753000e+04
   1.8039000e+04
   4.2027000e+04
   1.7560000e+04
   1.9549000e+04
   2.7663000e+04
   2.5653000e+04
   2.5571000e+04
   2.5532000e+04
   2.5678000e+04
   3.3142000e+04
   1.9564000e+04
   2.6007000e+04
   2.7298000e+04
   2.7338000e+04
   2.6821000e+04
   2.2104000e+04
   2.9099000e+04
   2.2321000e+04
   2.8770000e+04
   2.8026000e+04
   2.4290000e+04
   2.5320000e+04
   2.5094000e+04
   2.5543000e+04
   2.5844000e+04
   2.6145000e+04
   2.6504000e+04
   2.6330000e+04
   2.6359000e+04
   2.6312000e+04
   2.6193000e+04
   2.7165000e+04
   2.6730000e+04
   2.3638000e+04
   2.8920000e+04
   2.3971000e+04
   2.9539000e+04
   2.5332000e+04
   2.7196000e+04
   2.7623000e+04
   2.1428000e+04
   2.2507000e+04
   2.9311000e+04
   2.8148000e+04
   2.7544000e+04
   2.1495000e+04
   2.2993000e+04
   2.9823000e+04
   2.1983000e+04
   2.9365000e+04
   2.1879000e+04
   2.9741000e+04
   2.2215000e+04
   2.9452000e+04
   2.2006000e+04
   2.9853000e+04
   2.2293000e+04
   3.0008000e+04
   2.2370000e+04
   2.3491000e+04
   3.4952000e+04
   2.0902000e+04
   2.4153000e+04
   3.1721000e+04
   2.3916000e+04
   2.5121000e+04
   2.4917000e+04
   2.4931000e+04
   2.4620000e+04
   2.4874000e+04
   2.5050000e+04
   3.1554000e+04
   2.3213000e+04
   2.4514000e+04
   2.4474000e+04
   3.1191000e+04
   2.3346000e+04
   2.4482000e+04
   2.4589000e+04
   3.1688000e+04
   2.3753000e+04
   2.4539000e+04
   2.4698000e+04
   3.1097000e+04
   2.2798000e+04
   2.4428000e+04
   2.4184000e+04
   3.0526000e+04
   2.2750000e+04
   3.0137000e+04
   2.2759000e+04
   2.3747000e+04
   2.9840000e+04
   2.2317000e+04
   2.9726000e+04
   2.2448000e+04
   2.9689000e+04
   2.2360000e+04
   2.9501000e+04
   2.2050000e+04
   2.9283000e+04
   2.2513000e+04
   2.9793000e+04
   2.2805000e+04
   2.3758000e+04
   3.0748000e+04
   2.2405000e+04
   2.9933000e+04
   2.2782000e+04
   2.4222000e+04
   2.9446000e+04
   2.2087000e+04
   2.9180000e+04
   2.2182000e+04
   6.5321000e+04
   1.6079000e+04
   1.0423000e+04
   1.4863000e+04
   2.8499000e+04
   1.7888000e+04
   3.6742000e+04
   1.4859000e+04
   3.9716000e+04
   1.6825000e+04
   2.8346000e+04
   1.8908000e+04
   3.5923000e+04
   3.3375000e+04
   2.1386000e+04
   2.8170000e+04
   2.1873000e+04
   2.2968000e+04
   2.9606000e+04
   2.2032000e+04
   2.3714000e+04
   2.3725000e+04
   3.0955000e+04
   2.3193000e+04
   2.3919000e+04
   3.0663000e+04
   2.2669000e+04
   3.0046000e+04
   2.2519000e+04
   3.4280000e+04
   3.2022000e+04
   1.9286000e+04
   2.9535000e+04
   2.3791000e+04
   2.4300000e+04
   2.4311000e+04
   2.4563000e+04
   2.4630000e+04
   2.4618000e+04
   2.4482000e+04
   2.4307000e+04
   2.4673000e+04
   3.1514000e+04
   2.3102000e+04
   2.4157000e+04
   3.1089000e+04
   2.3053000e+04
   2.4182000e+04
   2.4628000e+04
   3.1492000e+04
   2.3020000e+04
   2.4652000e+04
   2.4880000e+04
   2.5227000e+04
   3.2514000e+04
   2.4363000e+04
   2.6127000e+04
   2.6247000e+04
   2.1195000e+04
   2.7242000e+04
   2.4974000e+04
   2.5132000e+04
   3.1619000e+04
   2.3300000e+04
   2.4473000e+04
   2.4133000e+04
   3.0433000e+04
   2.2450000e+04
   3.0613000e+04
   2.3482000e+04
   2.4205000e+04
   2.4500000e+04
   3.0870000e+04
   2.3227000e+04
   3.2583000e+04
   3.3873000e+04
   2.3839000e+04
   2.4340000e+04
   2.4802000e+04
   2.4885000e+04
   2.5106000e+04
   2.5131000e+04
   2.5882000e+04
   2.5334000e+04
   2.5079000e+04
   2.5300000e+04
   2.5148000e+04
   2.5302000e+04
   2.4824000e+04
   2.4668000e+04
   2.4727000e+04
   2.4571000e+04
   2.4683000e+04
   3.1290000e+04
   2.3074000e+04
   2.4008000e+04
   2.3918000e+04
   3.0146000e+04
   2.3284000e+04
   3.0513000e+04
   2.2832000e+04
   2.4236000e+04
   3.0955000e+04
   2.3344000e+04
   2.4317000e+04
   2.4545000e+04
   3.1681000e+04
   2.3434000e+04
   2.4342000e+04
   2.4529000e+04
   3.1739000e+04
   2.3486000e+04
   2.4322000e+04
   2.4454000e+04
   3.1501000e+04
   2.2861000e+04
   2.4117000e+04
   2.4739000e+04
   3.1810000e+04
   2.3695000e+04
   6.7647000e+04
   1.6193000e+04
   1.2807000e+04
   1.6197000e+04
   2.0394000e+04
   1.9747000e+04
   2.4081000e+04
   2.8211000e+04
   2.6487000e+04
   2.0973000e+04
   3.3643000e+04
   1.8761000e+04
   3.2045000e+04
   2.3193000e+04
   2.4651000e+04
   2.5317000e+04
   3.1977000e+04
   2.3451000e+04
   2.5644000e+04
   2.5303000e+04
   2.5634000e+04
   2.5569000e+04
   2.5258000e+04
   2.5072000e+04
   3.1832000e+04
   1.9374000e+04
   3.2765000e+04
   1.9836000e+04
   2.6279000e+04
   2.6014000e+04
   2.5852000e+04
   3.2141000e+04
   1.9878000e+04
   2.6507000e+04
   2.5593000e+04
   2.5532000e+04
   3.1893000e+04
   1.9453000e+04
   2.5016000e+04
   3.1265000e+04
   2.3306000e+04
   3.4368000e+04
   3.3737000e+04
   2.2576000e+04
   2.3465000e+04
   2.3581000e+04
   2.3640000e+04
   2.3892000e+04
   1.7344000e+04
   5.2223000e+04
   1.7325000e+04
   2.3892000e+04
   2.2517000e+04
   2.2458000e+04
   2.8611000e+04
   2.7561000e+04
   2.6713000e+04
   1.1027000e+04
   4.5707000e+04
   1.8479000e+04
   1.9942000e+04
   2.5033000e+04
   2.8305000e+04
   1.9369000e+04
   4.7458000e+04
   1.6334000e+04
   2.9990000e+03
   4.6209000e+04
   2.1623000e+04
   2.7433000e+04
   2.3135000e+04
   2.3970000e+04
   2.3502000e+04
   1.6189000e+04
   4.2359000e+04
   2.0420000e+04
   1.0909000e+04
   4.4464000e+04
   2.3382000e+04
   2.4648000e+04
   2.4612000e+04
   2.4632000e+04
   2.4442000e+04
   2.4402000e+04
   2.4167000e+04
   2.4331000e+04
   2.3721000e+04
   2.8820000e+04
   2.1819000e+04
   2.8207000e+04
   2.6481000e+04
   2.1598000e+04
   3.5480000e+04
   2.0359000e+04
   2.7057000e+04
   2.6411000e+04
   2.6356000e+04
   2.1837000e+04
   2.7908000e+04
   2.2533000e+04
   3.5670000e+04
   2.0685000e+04
   2.7523000e+04
   2.6589000e+04
   2.2216000e+04
   2.8569000e+04
   2.2424000e+04
   2.8822000e+04
   2.7570000e+04
   2.2250000e+04
   2.9106000e+04
   2.2319000e+04
   2.8960000e+04
   2.7790000e+04
   2.3215000e+04
   2.4392000e+04
   3.0523000e+04
   2.3995000e+04
   2.5472000e+04
   2.5754000e+04
   6.6101000e+04
   1.6043000e+04
   1.2731000e+04
   1.3905000e+04
   1.7991000e+04
   3.1933000e+04
   1.8302000e+04
   2.9117000e+04
   2.6865000e+04
   2.2517000e+04
   2.7193000e+04
   2.6218000e+04
   2.2864000e+04
   3.3573000e+04
   2.1426000e+04
   2.7188000e+04
   2.2603000e+04
   2.7676000e+04
   2.8720000e+04
   2.4609000e+04
   2.5746000e+04
   2.6120000e+04
   2.6959000e+04
   2.1173000e+04
   3.3420000e+04
   2.0893000e+04
   3.0612000e+04
   2.3024000e+04
   2.3927000e+04
   3.1177000e+04
   2.2835000e+04
   2.4790000e+04
   2.5028000e+04
   3.2402000e+04
   2.3569000e+04
   2.5021000e+04
   2.5324000e+04
   2.5814000e+04
   2.5868000e+04
   2.6006000e+04
   2.6341000e+04
   2.6442000e+04
   2.6601000e+04
   2.7553000e+04
   2.2907000e+04
   2.9805000e+04
   2.2548000e+04
   2.3887000e+04
   2.9222000e+04
   2.2713000e+04
   2.3823000e+04
   2.9496000e+04
   2.7237000e+04
   2.6783000e+04
   2.1209000e+04
   2.7406000e+04
   2.6064000e+04
   2.5728000e+04
   2.5829000e+04
   2.5413000e+04
   2.5117000e+04
   2.5128000e+04
   3.2307000e+04
   2.3432000e+04
   2.4607000e+04
   2.4337000e+04
   3.0712000e+04
   2.2283000e+04
   2.4431000e+04
   3.1721000e+04
   2.3866000e+04
   2.4344000e+04
   2.4189000e+04
   3.0803000e+04
   2.2022000e+04
   2.3454000e+04
   2.9855000e+04
   2.1725000e+04
   2.9315000e+04
   2.1888000e+04
   2.8672000e+04
   2.7457000e+04
   2.1989000e+04
   2.9497000e+04
   2.2460000e+04
   2.9627000e+04
   2.3202000e+04
   2.9713000e+04
   2.2486000e+04
   2.9604000e+04
   2.2243000e+04
   2.9791000e+04
   2.2666000e+04
   2.9216000e+04
   2.2250000e+04
   2.9417000e+04
   2.2323000e+04
   2.8706000e+04
   2.1465000e+04
   2.8508000e+04
   2.6988000e+04
   2.1627000e+04
   2.8424000e+04
   2.2323000e+04
   3.2505000e+04
   2.0696000e+04
   2.8002000e+04
   2.7249000e+04
   2.1877000e+04
   2.8654000e+04
   2.2326000e+04
   3.3616000e+04
   2.1117000e+04
   3.3056000e+04
   1.4979000e+04
   4.5265000e+04
   1.8206000e+04
   2.2194000e+04
   2.3340000e+04
   2.8774000e+04
   6.7023000e+04
   1.6136000e+04
   1.2925000e+04
   1.3666000e+04
   2.1577000e+04
   1.9365000e+04
   3.0271000e+04
   2.0529000e+04
   2.7184000e+04
   2.9843000e+04
   1.9136000e+04
   2.9914000e+04
   2.3808000e+04
   2.8970000e+04
   2.3844000e+04
   2.5394000e+04
   3.0248000e+04
   3.4244000e+04
   3.2805000e+04
   2.1297000e+04
   1.8226000e+04
   2.3877000e+04
   2.9488000e+04
   2.2315000e+04
   2.3108000e+04
   2.9653000e+04
   2.1964000e+04
   2.8962000e+04
   2.1699000e+04
   3.3729000e+04
   2.0676000e+04
   2.2220000e+04
   2.9146000e+04
   2.6946000e+04
   2.7409000e+04
   2.1812000e+04
   2.9140000e+04
   2.2256000e+04
   3.3849000e+04
   2.1483000e+04
   2.2782000e+04
   2.9278000e+04
   2.7716000e+04
   2.7528000e+04
   2.2032000e+04
   2.3277000e+04
   2.9142000e+04
   2.2054000e+04
   3.3434000e+04
   2.0622000e+04
   2.8311000e+04
   2.1258000e+04
   3.3338000e+04
   2.0779000e+04
   2.8892000e+04
   2.1917000e+04
   2.9998000e+04
   2.2521000e+04
   2.9515000e+04
   2.1825000e+04
   2.8576000e+04
   2.1377000e+04
   3.3616000e+04
   2.0486000e+04
   2.8329000e+04
   2.1155000e+04
   2.8219000e+04
   2.1122000e+04
   3.4175000e+04
   2.1253000e+04
   3.3195000e+04
   2.0669000e+04
   2.8569000e+04
   2.1838000e+04
   2.9386000e+04
   2.2007000e+04
   3.3790000e+04
   3.5184000e+04
   2.2091000e+04
   2.3542000e+04
   2.3609000e+04
   2.4299000e+04
   2.4701000e+04
   1.5841000e+04
   4.5504000e+04
   1.7364000e+04
   2.3960000e+04
   2.3982000e+04
   2.3979000e+04
   3.0541000e+04
   2.2568000e+04
   2.3479000e+04
   4.0257000e+04
   2.9123000e+04
   2.3265000e+04
   8.0620000e+03
   4.6335000e+04
   2.0214000e+04
   2.2583000e+04
   2.9230000e+04
   2.2350000e+04
   1.3580000e+04
   4.8577000e+04
   1.8410000e+04
   2.6517000e+04
   2.4127000e+04
   2.9097000e+04
   2.4061000e+04
   2.3886000e+04
   2.4095000e+04
   2.3954000e+04
   2.3677000e+04
   3.9667000e+04
   2.5149000e+04
   1.9345000e+04
   1.2105000e+04
   5.8066000e+04
   2.5599000e+04
   2.3147000e+04
   1.8270000e+04
   5.8126000e+04
   6.1830000e+03
   1.2733000e+04
   1.5864000e+04
   1.8963000e+04
   3.9592000e+04
   2.5095000e+04
   1.9692000e+04
   1.9394000e+04
   2.3760000e+04
   2.7968000e+04
   2.5381000e+04
   2.9439000e+04
   1.9582000e+04
   3.6896000e+04
   1.9106000e+04
   2.9456000e+04
   2.3212000e+04
   2.9689000e+04
   2.3824000e+04
   1.9226000e+04
   3.6996000e+04
   2.2480000e+04
   2.3934000e+04
   2.3934000e+04
   2.8775000e+04
   2.3813000e+04
   2.5252000e+04
   2.5714000e+04
   2.6313000e+04
   2.5265000e+04
   2.9393000e+04
   2.0147000e+04
   3.0486000e+04
   2.0339000e+04
   3.5809000e+04
   2.2695000e+04
   2.4373000e+04
   2.4379000e+04
   2.8924000e+04
   2.3390000e+04
   2.8218000e+04
   2.3899000e+04
   2.8693000e+04
   3.5173000e+04
   3.3011000e+04
   2.3795000e+04
   1.9602000e+04
   1.0812000e+04
   4.9861000e+04
   2.2770000e+04
   2.5108000e+04
   2.4462000e+04
   2.4366000e+04
   1.9550000e+04
   2.6451000e+04
   2.4984000e+04
   2.5471000e+04
   2.4953000e+04
   2.4605000e+04
   2.4447000e+04
   2.3781000e+04
   2.7671000e+04
   2.2239000e+04
   3.2988000e+04
   2.1189000e+04
   2.6596000e+04
   2.6519000e+04
   2.4004000e+04
   2.8946000e+04
   2.3914000e+04
   2.8964000e+04
   2.3689000e+04
   2.8796000e+04
   2.3526000e+04
   2.4741000e+04
   2.9847000e+04
   2.4568000e+04
   2.5928000e+04
   2.6141000e+04
   2.0741000e+04
   3.2288000e+04
   1.9938000e+04
   2.7653000e+04
   2.6721000e+04
   2.6927000e+04
   2.0850000e+04
   3.2796000e+04
   2.0003000e+04
   2.8254000e+04
   2.7319000e+04
   2.1893000e+04
   3.3617000e+04
   2.0835000e+04
   2.8442000e+04
   2.1679000e+04
   2.9155000e+04
   2.2115000e+04
   2.9605000e+04
   2.2153000e+04
   2.9523000e+04
   2.2658000e+04
   3.0460000e+04
   2.3007000e+04
   3.0607000e+04
   2.3222000e+04
   2.4868000e+04
   3.2359000e+04
   1.9752000e+04
   2.6901000e+04
   2.6321000e+04
   2.6629000e+04
   2.6479000e+04
   2.1362000e+04
   2.8517000e+04
   2.1909000e+04
   2.9090000e+04
   2.8038000e+04
   2.2893000e+04
   2.9578000e+04
   6.7279000e+04
   1.6025000e+04
   1.4358000e+04
   1.4634000e+04
   1.9263000e+04
   2.3484000e+04
   2.1834000e+04
   3.7229000e+04
   3.2943000e+04
   2.0280000e+04
   2.6139000e+04
   2.4799000e+04
   2.4985000e+04
   2.0066000e+04
   2.7037000e+04
   2.5547000e+04
   2.5297000e+04
   2.5058000e+04
   2.5999000e+04
   2.6066000e+04
   1.9513000e+04
   4.5227000e+04
   1.9068000e+04
   7.7430000e+03
   4.6329000e+04
   2.2556000e+04
   2.6361000e+04
   2.6187000e+04
   2.6027000e+04
   2.0889000e+04
   2.2018000e+04
   2.2090000e+04
   2.8122000e+04
   2.5742000e+04
   2.5506000e+04
   2.5212000e+04
   4.0260000e+04
   2.8679000e+04
   1.9893000e+04
   2.0823000e+04
   2.6090000e+04
   2.4572000e+04
   2.4528000e+04
   2.4712000e+04
   2.5339000e+04
   2.5136000e+04
   2.4335000e+04
   2.4242000e+04
   2.9631000e+04
   2.2599000e+04
   2.8689000e+04
   2.2256000e+04
   2.8345000e+04
   2.2104000e+04
   3.5246000e+04
   1.5587000e+04
   4.4573000e+04
   1.8912000e+04
   2.1244000e+04
   2.6539000e+04
   2.5287000e+04
   2.5122000e+04
   2.5032000e+04
   2.5355000e+04
   2.4702000e+04
   3.1157000e+04
   2.2301000e+04
   2.9222000e+04
   2.2784000e+04
   2.4774000e+04
   3.0997000e+04
   2.3292000e+04
   2.4074000e+04
   3.0073000e+04
   2.2347000e+04
   2.9489000e+04
   2.1553000e+04
   2.8689000e+04
   2.1284000e+04
   2.7989000e+04
   2.6417000e+04
   2.6125000e+04
   2.6070000e+04
   2.0488000e+04
   3.8515000e+04
   1.8832000e+04
   2.6646000e+04
   2.5735000e+04
   1.9972000e+04
   3.6815000e+04
   1.7633000e+04
   2.9388000e+04
   2.3206000e+04
   2.7780000e+04
   2.2445000e+04
   2.7587000e+04
   2.6402000e+04
   2.6131000e+04
   2.5325000e+04
   2.5433000e+04
   3.1116000e+04
   2.0358000e+04
   3.1363000e+04
   2.0477000e+04
   3.1328000e+04
   2.0123000e+04
   3.1129000e+04
   2.1352000e+04
   3.1205000e+04
   2.0547000e+04
   3.1598000e+04
   2.0862000e+04
   2.6014000e+04
   2.5575000e+04
   2.5711000e+04
   2.5929000e+04
   3.0099000e+04
   1.9694000e+04
   3.0503000e+04
   2.1367000e+04
   6.7770000e+04
   1.4498000e+04
   1.2405000e+04
   1.6449000e+04
   1.9906000e+04
   2.8559000e+04
   2.1890000e+04
   3.1673000e+04
   2.0185000e+04
   3.0085000e+04
   2.2502000e+04
   2.8850000e+04
   2.2608000e+04
   2.8966000e+04
   2.4384000e+04
   3.6549000e+04
   2.1801000e+04
   2.0455000e+04
   2.5432000e+04
   2.9514000e+04
   2.8610000e+04
   2.3695000e+04
   2.1933000e+04
   2.6327000e+04
   2.5390000e+04
   2.5415000e+04
   2.5376000e+04
   2.5266000e+04
   3.0590000e+04
   2.0314000e+04
   3.0780000e+04
   2.1294000e+04
   3.1506000e+04
   2.0476000e+04
   3.1072000e+04
   2.0978000e+04
   2.6134000e+04
   3.0816000e+04
   2.1192000e+04
   2.6066000e+04
   3.0421000e+04
   2.0988000e+04
   3.0967000e+04
   2.0558000e+04
   3.1424000e+04
   2.4010000e+04
   2.5173000e+04
   3.0468000e+04
   2.4146000e+04
   2.5057000e+04
   2.4787000e+04
   2.5032000e+04
   3.0641000e+04
   2.3940000e+04
   3.3338000e+04
   3.5660000e+04
   2.5604000e+04
   2.5995000e+04
   2.1991000e+04
   2.2564000e+04
   2.5929000e+04
   2.5682000e+04
   2.5456000e+04
   2.1495000e+04
   2.2441000e+04
   2.2400000e+04
   2.6592000e+04
   2.5492000e+04
   2.6440000e+04
   2.6400000e+04
   2.1823000e+04
   2.7208000e+04
   2.5708000e+04
   3.2168000e+04
   2.4935000e+04
   2.1873000e+04
   2.7235000e+04
   2.6469000e+04
   2.6550000e+04
   2.3039000e+04
   3.4804000e+04
   3.4298000e+04
   2.2567000e+04
   2.3630000e+04
   2.8321000e+04
   2.3100000e+04
   2.4022000e+04
   2.4370000e+04
   2.4630000e+04
   2.4256000e+04
   2.4525000e+04
   3.8988000e+04
   2.1746000e+04
   2.5213000e+04
   1.8681000e+04
   1.7947000e+04
   4.2130000e+04
   1.8682000e+04
   2.7567000e+04
   2.3059000e+04
   3.4637000e+04
   2.8539000e+04
   2.4584000e+04
   8.4190000e+03
   6.6637000e+04
   2.6274000e+04
   1.7485000e+04
   1.8348000e+04
   1.8646000e+04
   2.3659000e+04
   2.2751000e+04
   2.9176000e+04
   2.1647000e+04
   2.2298000e+04
   2.2543000e+04
   2.8911000e+04
   2.7590000e+04
   2.1395000e+04
   2.8719000e+04
   2.1566000e+04
   6.4921000e+04
   1.4658000e+04
   1.0845000e+04
   1.5066000e+04
   2.9830000e+04
   1.9822000e+04
   2.5511000e+04
   3.0981000e+04
   2.2511000e+04
   2.3321000e+04
   3.4207000e+04
   2.0369000e+04
   2.7506000e+04
   2.1647000e+04
   3.3165000e+04
   2.0891000e+04
   2.8215000e+04
   2.2347000e+04
   3.3346000e+04
   2.1303000e+04
   2.8532000e+04
   2.2244000e+04
   2.8869000e+04
   2.1731000e+04
   2.8769000e+04
   2.2391000e+04
   3.4048000e+04
   2.2231000e+04
   2.3848000e+04
   3.0987000e+04
   2.2920000e+04
   2.3965000e+04
   2.4313000e+04
   3.1109000e+04
   2.3538000e+04
   2.4118000e+04
   3.0436000e+04
   2.3164000e+04
   2.3720000e+04
   3.0153000e+04
   2.2685000e+04
   2.9791000e+04
   2.2252000e+04
   2.9656000e+04
   2.2112000e+04
   2.9701000e+04
   2.2549000e+04
   2.4589000e+04
   3.0729000e+04
   2.3018000e+04
   2.5017000e+04
   2.5664000e+04
   3.1527000e+04
   2.2658000e+04
   2.3742000e+04
   2.4905000e+04
   3.1324000e+04
   2.3481000e+04
   2.4431000e+04
   2.4111000e+04
   3.0074000e+04
   2.1978000e+04
   2.9170000e+04
   2.1616000e+04
   2.9056000e+04
   2.1902000e+04
   2.9318000e+04
   2.8460000e+04
   2.3660000e+04
   2.4833000e+04
   3.1650000e+04
   2.3636000e+04
   2.4852000e+04
   2.5024000e+04
   2.5609000e+04
   2.5883000e+04
   2.6440000e+04
   2.7163000e+04
   2.7517000e+04
   2.2731000e+04
   2.9251000e+04
   2.2678000e+04
   2.9686000e+04
   2.2850000e+04
   2.4581000e+04
   3.0177000e+04
   2.3053000e+04
   2.3991000e+04
   2.9935000e+04
   2.3324000e+04
   2.4748000e+04
   2.4959000e+04
   2.5691000e+04
   3.1405000e+04
   2.4125000e+04
   2.5153000e+04
   2.5325000e+04
   2.5691000e+04
   2.5881000e+04
   2.6042000e+04
   2.0842000e+04
   2.8050000e+04
   2.6577000e+04
   2.6404000e+04
   2.6485000e+04
   2.6405000e+04
   2.6160000e+04
   2.6436000e+04
   2.1264000e+04
   3.4048000e+04
   1.9984000e+04
   2.7322000e+04
   2.6217000e+04
   2.6294000e+04
   2.6671000e+04
   2.1306000e+04
   2.8417000e+04
   2.7185000e+04
   2.7136000e+04
   2.1587000e+04
   6.5655000e+04
   1.6090000e+04
   1.2875000e+04
   1.7819000e+04
   1.7160000e+04
   4.0499000e+04
   1.6624000e+04
   2.3426000e+04
   2.2911000e+04
   2.8747000e+04
   2.6289000e+04
   2.5925000e+04
   2.5615000e+04
   3.9050000e+04
   2.9620000e+04
   2.0491000e+04
   2.1550000e+04
   2.6254000e+04
   2.6095000e+04
   2.5945000e+04
   2.5858000e+04
   2.0619000e+04
   2.2103000e+04
   2.7512000e+04
   2.5868000e+04
   3.8709000e+04
   3.1022000e+04
   2.2663000e+04
   2.2542000e+04
   2.2465000e+04
   1.4533000e+04
   4.8685000e+04
   1.7134000e+04
   2.5982000e+04
   2.1530000e+04
   2.7780000e+04
   2.2198000e+04
   2.7464000e+04
   2.6231000e+04
   2.4873000e+04
   1.9813000e+04
   3.1978000e+04
   2.3096000e+04
   2.4786000e+04
   2.4889000e+04
   2.5467000e+04
   2.9897000e+04
   2.2800000e+04
   2.3565000e+04
   3.8094000e+04
   3.2661000e+04
   2.2151000e+04
   2.2251000e+04
   1.2406000e+04
   5.1477000e+04
   1.7532000e+04
   2.0029000e+04
   2.5024000e+04
   3.0561000e+04
   2.2258000e+04
   2.3336000e+04
   2.3698000e+04
   2.3514000e+04
   2.9824000e+04
   2.1824000e+04
   3.4473000e+04
   1.9920000e+04
   2.7626000e+04
   2.1662000e+04
   2.9630000e+04
   2.1910000e+04
   2.9181000e+04
   2.1179000e+04
   2.8223000e+04
   2.6105000e+04
   2.6003000e+04
   2.5316000e+04
   2.5395000e+04
   2.9465000e+04
   2.3377000e+04
   2.8433000e+04
   2.3236000e+04
   2.8537000e+04
   2.2907000e+04
   2.3928000e+04
   2.8298000e+04
   2.7316000e+04
   2.2767000e+04
   2.7577000e+04
   2.5949000e+04
   2.5547000e+04
   2.6083000e+04
   2.6150000e+04
   2.5242000e+04
   3.0947000e+04
   2.0271000e+04
   2.5564000e+04
   3.4276000e+04
   3.2856000e+04
   1.9469000e+04
   2.1200000e+04
   2.4836000e+04
   2.3827000e+04
   2.9167000e+04
   2.2158000e+04
   2.8743000e+04
   2.1978000e+04
   2.8646000e+04
   2.2098000e+04
   2.8865000e+04
   2.2716000e+04
   2.9265000e+04
   2.2435000e+04
   2.9144000e+04
   2.2924000e+04
   2.9503000e+04
   2.1806000e+04
   3.6281000e+04
   2.0611000e+04
   2.2350000e+04
   6.6899000e+04
   1.4498000e+04
   1.2180000e+03
   1.9010000e+04
   4.7743000e+04
   1.6175000e+04
   1.8843000e+04
   2.2760000e+04
   2.6744000e+04
   2.5093000e+04
   3.1855000e+04
   2.2740000e+04
   2.3886000e+04
   3.1367000e+04
   2.2814000e+04
   2.4421000e+04
   3.2093000e+04
   2.2720000e+04
   2.4680000e+04
   3.7372000e+04
   3.0037000e+04
   2.0791000e+04
   2.2009000e+04
   2.6686000e+04
   2.0779000e+04
   2.6357000e+04
   2.4890000e+04
   2.0088000e+04
   3.8821000e+04
   1.7459000e+04
   2.3935000e+04
   2.9932000e+04
   2.2588000e+04
   2.9639000e+04
   2.2184000e+04
   3.0064000e+04
   2.1896000e+04
   2.9767000e+04
   2.2216000e+04
   3.0466000e+04
   2.1968000e+04
   2.4066000e+04
   3.1555000e+04
   2.2817000e+04
   2.4816000e+04
   3.7795000e+04
   3.5488000e+04
   2.4340000e+04
   2.0930000e+04
   2.5660000e+04
   2.5297000e+04
   7.2190000e+03
   4.0100000e+04
   2.0553000e+04
   2.2654000e+04
   3.2740000e+04
   3.9733000e+04
   1.9658000e+04
   2.4386000e+04
   2.3426000e+04
   2.2942000e+04
   2.2896000e+04
   2.2984000e+04
   3.3385000e+04
   3.2472000e+04
   2.1687000e+04
   2.2246000e+04
   1.2988000e+04
   5.1911000e+04
   2.1150000e+04
   2.2565000e+04
   2.7803000e+04
   2.2946000e+04
   2.4024000e+04
   2.4784000e+04
   1.2095000e+04
   4.9316000e+04
   1.9391000e+04
   2.2190000e+04
   2.6705000e+04
   2.6415000e+04
   2.6912000e+04
   2.3469000e+04
   2.4246000e+04
   2.4550000e+04
   2.4739000e+04
   2.4882000e+04
   2.5022000e+04
   2.5063000e+04
   3.6308000e+04
   3.2258000e+04
   1.9295000e+04
   2.5289000e+04
   1.3028000e+04
   4.3105000e+04
   1.8294000e+04
   2.4860000e+04
   1.6307000e+04
   4.6599000e+04
   1.9081000e+04
   2.5884000e+04
   1.3026000e+04
   4.7758000e+04
   2.0040000e+04
   5.6110000e+03
   5.0636000e+04
   2.4278000e+04
   2.6593000e+04
   2.1805000e+04
   2.3126000e+04
   2.9436000e+04
   2.2842000e+04
   2.3972000e+04
   2.4218000e+04
   2.4309000e+04
   2.4226000e+04
   2.4368000e+04
   2.4253000e+04
   2.4471000e+04
   2.5009000e+04
   6.6534000e+04
   1.5910000e+04
   1.1771000e+04
   1.6649000e+04
   2.0799000e+04
   3.6277000e+04
   2.7934000e+04
   2.3361000e+04
   2.2905000e+04
   2.2971000e+04
   2.2734000e+04
   2.7607000e+04
   2.5776000e+04
   2.6157000e+04
   2.1541000e+04
   2.8593000e+04
   2.7477000e+04
   2.7606000e+04
   2.2859000e+04
   2.4592000e+04
   2.4981000e+04
   2.4931000e+04
   3.0493000e+04
   1.8767000e+04
   4.6559000e+04
   1.8393000e+04
   2.0952000e+04
   2.7089000e+04
   2.6762000e+04
   2.7364000e+04
   2.1473000e+04
   2.2942000e+04
   2.8996000e+04
   2.2573000e+04
   2.8981000e+04
   2.2157000e+04
   2.8676000e+04
   2.1983000e+04
   2.8778000e+04
   2.1961000e+04
   2.9313000e+04
   2.2420000e+04
   3.5974000e+04
   2.1107000e+04
   2.3488000e+04
   2.9648000e+04
   2.2531000e+04
   2.9939000e+04
   2.2798000e+04
   3.0291000e+04
   2.3791000e+04
   2.5582000e+04
   2.4408000e+04
   2.4670000e+04
   3.0422000e+04
   2.3545000e+04
   2.4411000e+04
   2.4758000e+04
   2.4820000e+04
   3.0550000e+04
   2.2796000e+04
   2.9354000e+04
   2.1906000e+04
   2.8820000e+04
   2.1862000e+04
   2.9016000e+04
   2.1920000e+04
   2.8968000e+04
   2.3291000e+04
   2.9915000e+04
   2.2223000e+04
   2.8994000e+04
   2.1987000e+04
   3.4581000e+04
   2.0520000e+04
   2.7562000e+04
   2.1554000e+04
   2.7759000e+04
   2.6767000e+04
   2.1323000e+04
   3.3557000e+04
   1.9893000e+04
   3.1989000e+04
   2.3555000e+04
   2.4739000e+04
   2.4271000e+04
   2.9592000e+04
   2.2118000e+04
   2.8337000e+04
   2.1704000e+04
   2.7663000e+04
   2.6315000e+04
   2.6340000e+04
   3.2120000e+04
   1.9154000e+04
   2.5457000e+04
   3.1200000e+04
   2.2715000e+04
   2.3216000e+04
   2.9683000e+04
   2.1761000e+04
   2.9124000e+04
   2.7356000e+04
   2.1512000e+04
   2.8161000e+04
   2.7339000e+04
   2.1465000e+04
   2.8080000e+04
   2.7324000e+04
   2.1293000e+04
   3.2319000e+04
   2.0496000e+04
   3.1702000e+04
   2.0085000e+04
   3.1950000e+04
   2.0547000e+04
   3.1887000e+04
   2.0692000e+04
   2.7799000e+04
   2.6929000e+04
   6.4095000e+04
   1.6032000e+04
   1.2785000e+04
   1.3567000e+04
   1.8758000e+04
   3.7143000e+04
   1.6780000e+04
   2.8478000e+04
   2.1016000e+04
   2.7968000e+04
   2.6139000e+04
   3.0401000e+04
   2.0283000e+04
   3.1228000e+04
   3.8388000e+04
   2.3552000e+04
   2.1471000e+04
   2.1475000e+04
   1.9955000e+04
   5.0275000e+04
   1.6126000e+04
   6.8070000e+03
   5.4432000e+04
   2.2903000e+04
   2.8595000e+04
   2.4640000e+04
   2.2125000e+04
   2.2833000e+04
   6.8970000e+03
   4.7786000e+04
   1.9436000e+04
   2.2315000e+04
   1.4408000e+04
   5.3271000e+04
   1.9169000e+04
   2.1564000e+04
   2.7671000e+04
   2.1664000e+04
   2.8401000e+04
   2.1538000e+04
   2.3230000e+04
   2.9558000e+04
   2.2067000e+04
   2.4180000e+04
   2.5220000e+04
   2.4822000e+04
   2.4663000e+04
   4.0565000e+04
   3.0396000e+04
   1.9917000e+04
   2.0571000e+04
   2.5967000e+04
   2.3962000e+04
   2.3401000e+04
   2.3544000e+04
   2.2947000e+04
   2.9880000e+04
   2.1377000e+04
   2.9325000e+04
   2.1572000e+04
   3.3831000e+04
   2.0460000e+04
   3.3595000e+04
   2.0773000e+04
   2.8920000e+04
   2.1526000e+04
   2.9084000e+04
   2.1056000e+04
   3.0020000e+04
   2.2915000e+04
   3.0291000e+04
   2.2390000e+04
   2.9653000e+04
   2.1520000e+04
   2.8945000e+04
   2.1045000e+04
   2.8408000e+04
   2.6796000e+04
   2.0682000e+04
   3.2655000e+04
   1.9659000e+04
   3.1585000e+04
   2.4929000e+04
   2.0448000e+04
   3.8906000e+04
   1.8677000e+04
   2.6724000e+04
   2.6069000e+04
   2.5890000e+04
   1.9757000e+04
   3.8223000e+04
   1.8112000e+04
   2.5691000e+04
   2.4561000e+04
   2.9306000e+04
   2.3361000e+04
   2.4308000e+04
   2.8678000e+04
   2.2143000e+04
   2.7394000e+04
   2.6372000e+04
   2.6377000e+04
   2.6320000e+04
   2.6251000e+04
   2.5915000e+04
   2.6031000e+04
   2.5989000e+04
   2.6695000e+04
   2.2675000e+04
   2.7755000e+04
   2.6651000e+04
   2.6759000e+04
   2.2070000e+04
   3.3862000e+04
   2.1025000e+04
   2.7146000e+04
   2.0757000e+04
   3.2496000e+04
   2.0943000e+04
   3.1194000e+04
   6.2408000e+04
   1.4365000e+04
   9.3680000e+03
   1.3713000e+04
   3.8771000e+04
   1.4424000e+04
   2.2007000e+04
   2.5903000e+04
   2.9714000e+04
   2.3579000e+04
   3.6684000e+04
   1.7796000e+04
   2.3342000e+04
   2.8246000e+04
   2.7143000e+04
   2.7235000e+04
   2.2622000e+04
   2.8342000e+04
   2.3073000e+04
   2.9260000e+04
   2.8311000e+04
   2.3693000e+04
   2.1655000e+04
   2.6217000e+04
   2.5274000e+04
   3.1243000e+04
   2.0405000e+04
   3.0638000e+04
   2.0071000e+04
   2.5101000e+04
   3.0254000e+04
   2.1696000e+04
   3.1222000e+04
   2.0305000e+04
   3.1693000e+04
   2.2616000e+04
   3.1960000e+04
   2.1346000e+04
   2.2830000e+04
   2.6773000e+04
   2.5634000e+04
   2.5830000e+04
   3.1687000e+04
   2.1465000e+04
   2.6792000e+04
   2.6750000e+04
   2.6518000e+04
   2.6539000e+04
   2.2811000e+04
   2.6955000e+04
   2.6350000e+04
   2.6320000e+04
   2.6025000e+04
   2.6651000e+04
   2.3388000e+04
   2.8532000e+04
   2.3904000e+04
   2.8387000e+04
   2.2899000e+04
   2.7415000e+04
   2.5540000e+04
   2.2144000e+04
   3.2405000e+04
   2.2642000e+04
   3.1366000e+04
   2.4155000e+04
   2.1548000e+04
   3.1048000e+04
   1.7330000e+04
   5.2588000e+04
   1.9789000e+04
   2.3380000e+03
   4.6455000e+04
   2.4260000e+04
   2.9570000e+04
   2.6279000e+04
   2.6280000e+04
   2.3221000e+04
   2.4465000e+04
   2.5590000e+04
   2.5510000e+04
   2.0761000e+04
   2.7771000e+04
   2.6639000e+04
   2.1716000e+04
   2.2852000e+04
   2.3177000e+04
   2.9731000e+04
   2.7853000e+04
   2.2159000e+04
   2.3259000e+04
   2.9354000e+04
   2.2342000e+04
   2.9692000e+04
   2.2334000e+04
   2.9404000e+04
   2.2144000e+04
   2.9511000e+04
   2.2669000e+04
   3.0367000e+04
   2.2838000e+04
   2.4841000e+04
   3.1862000e+04
   2.4385000e+04
   2.5594000e+04
   2.6062000e+04
   2.1753000e+04
   2.8203000e+04
   2.7088000e+04
   2.7284000e+04
   2.2606000e+04
   2.3966000e+04
   2.9671000e+04
   2.3023000e+04
   2.4154000e+04
   2.9748000e+04
   2.3538000e+04
   2.4664000e+04
   3.0389000e+04
   2.3775000e+04
   6.8942000e+04
   1.6154000e+04
   1.2711000e+04
   1.3042000e+04
   2.7009000e+04
   1.9776000e+04
   2.5579000e+04
   2.4304000e+04
   3.8258000e+04
   1.7659000e+04
   4.5873000e+04
   1.6446000e+04
   2.3237000e+04
   1.2160000e+04
   4.5138000e+04
   2.1031000e+04
   2.3338000e+04
   1.0669000e+04
   5.2952000e+04
   2.1271000e+04
   2.3610000e+04
   2.3945000e+04
   2.3858000e+04
   2.3994000e+04
   2.4201000e+04
   2.4679000e+04
   2.4723000e+04
   2.5341000e+04
   2.5705000e+04
   2.6055000e+04
   2.5643000e+04
   2.5227000e+04
   2.5621000e+04
   2.5855000e+04
   2.5541000e+04
   2.4940000e+04
   2.4658000e+04
   2.4547000e+04
   2.4002000e+04
   3.0242000e+04
   2.2373000e+04
   2.8956000e+04
   2.1938000e+04
   2.8278000e+04
   2.6632000e+04
   2.1371000e+04
   3.3883000e+04
   2.0220000e+04
   3.2609000e+04
   2.4170000e+04
   2.1066000e+04
   2.7779000e+04
   2.5068000e+04
   2.4394000e+04
   3.0144000e+04
   2.3144000e+04
   2.9461000e+04
   2.2304000e+04
   2.8995000e+04
   2.1787000e+04
   2.7407000e+04
   4.6347000e+04
   2.0678000e+04
   2.1993000e+04
   2.0822000e+04
   2.0636000e+04
   2.5606000e+04
   3.1128000e+04
   2.3758000e+04
   2.4772000e+04
   2.4014000e+04
   3.0924000e+04
   2.2708000e+04
   2.3184000e+04
   2.9546000e+04
   2.2170000e+04
   2.9852000e+04
   2.2220000e+04
   3.0029000e+04
   2.2599000e+04
   2.9673000e+04
   2.1959000e+04
   2.8858000e+04
   2.1481000e+04
   3.3077000e+04
   2.0039000e+04
   2.6820000e+04
   2.5297000e+04
   2.9408000e+04
   2.3956000e+04
   1.9445000e+04
   3.6632000e+04
   2.2389000e+04
   2.3684000e+04
   2.7820000e+04
   2.2382000e+04
   2.7125000e+04
   2.5942000e+04
   2.1750000e+04
   3.2239000e+04
   2.0088000e+04
   3.0749000e+04
   2.3217000e+04
   2.9864000e+04
   2.3101000e+04
   2.9118000e+04
   2.3108000e+04
   2.3975000e+04
   2.9281000e+04
   2.2819000e+04
   2.8722000e+04
   2.1863000e+04
   3.6192000e+04
   2.0030000e+04
   2.7454000e+04
   2.1505000e+04
   2.8026000e+04
   2.6759000e+04
   2.1888000e+04
   2.8038000e+04
   6.5986000e+04
   1.4337000e+04
   1.1215000e+04
   1.5284000e+04
   2.8192000e+04
   1.6450000e+04
   3.9896000e+04
   1.7747000e+04
   2.2987000e+04
   2.7721000e+04
   2.5810000e+04
   2.5722000e+04
   2.5930000e+04
   2.5539000e+04
   2.5513000e+04
   2.5466000e+04
   3.4151000e+04
   1.8963000e+04
   2.7983000e+04
   2.7359000e+04
   2.2348000e+04
   2.8682000e+04
   2.2669000e+04
   2.8851000e+04
   2.7285000e+04
   2.2606000e+04
   2.5778000e+04
   2.5857000e+04
   2.5473000e+04
   2.5627000e+04
   2.5713000e+04
   2.5921000e+04
   2.6005000e+04
   2.5901000e+04
   3.1650000e+04
   2.0388000e+04
   2.5888000e+04
   2.6066000e+04
   2.5794000e+04
   2.5889000e+04
   2.6132000e+04
   2.6685000e+04
   2.6682000e+04
   2.4032000e+04
   3.0273000e+04
   2.5194000e+04
   2.5221000e+04
   2.5358000e+04
   2.5837000e+04
   2.6298000e+04
   2.6433000e+04
   2.1083000e+04
   3.5277000e+04
   3.6094000e+04
   2.0013000e+04
   2.7155000e+04
   2.6152000e+04
   2.6398000e+04
   2.0517000e+04
   2.1686000e+04
   2.2225000e+04
   2.9129000e+04
   2.7927000e+04
   2.7553000e+04
   2.1939000e+04
   2.2521000e+04
   2.9440000e+04
   2.1109000e+04
   3.0387000e+04
   2.5042000e+04
   2.4141000e+04
   2.4343000e+04
   3.1248000e+04
   2.2829000e+04
   3.0566000e+04
   2.2646000e+04
   3.0376000e+04
   2.2513000e+04
   1.2335000e+04
   4.6408000e+04
   2.0806000e+04
   2.3113000e+04
   3.0114000e+04
   2.3172000e+04
   2.4364000e+04
   2.4771000e+04
   2.5060000e+04
   2.5485000e+04
   2.5245000e+04
   2.5122000e+04
   2.4951000e+04
   2.5328000e+04
   4.1645000e+04
   2.5431000e+04
   2.1083000e+04
   2.1526000e+04
   2.6781000e+04
   2.5331000e+04
   2.4982000e+04
   2.0165000e+04
   2.6125000e+04
   2.5273000e+04
   2.5418000e+04
   2.5199000e+04
   2.5202000e+04
   2.5403000e+04
   3.2536000e+04
   1.9967000e+04
   2.6845000e+04
   2.6259000e+04
   2.1255000e+04
   3.5077000e+04
   2.0047000e+04
   2.6970000e+04
   2.6193000e+04
   2.6700000e+04
   2.5080000e+04
   2.5354000e+04
   2.5136000e+04
   2.5381000e+04
   6.5168000e+04
   1.4587000e+04
   1.2020000e+04
   1.6351000e+04
   2.5352000e+04
   1.9194000e+04
   3.5842000e+04
   1.9527000e+04
   2.5919000e+04
   3.1218000e+04
   1.9071000e+04
   3.1926000e+04
   2.3147000e+04
   2.4596000e+04
   3.0925000e+04
   2.3410000e+04
   2.5110000e+04
   2.5232000e+04
   2.5443000e+04
   2.5141000e+04
   2.5439000e+04
   3.2512000e+04
   2.0207000e+04
   2.6740000e+04
   2.5486000e+04
   2.5504000e+04
   2.5257000e+04
   3.1659000e+04
   1.9111000e+04
   3.2061000e+04
   2.3405000e+04
   2.4303000e+04
   2.5063000e+04
   3.0497000e+04
   2.3423000e+04
   2.4439000e+04
   2.4335000e+04
   3.0853000e+04
   2.2929000e+04
   2.9717000e+04
   2.2129000e+04
   2.9741000e+04
   2.2559000e+04
   2.9472000e+04
   2.2534000e+04
   2.9387000e+04
   2.2374000e+04
   2.9040000e+04
   2.2153000e+04
   3.3346000e+04
   2.0898000e+04
   2.2569000e+04
   2.8799000e+04
   2.2040000e+04
   2.9903000e+04
   2.8799000e+04
   2.3007000e+04
   2.3692000e+04
   3.0113000e+04
   2.2520000e+04
   2.8906000e+04
   2.1755000e+04
   3.3779000e+04
   2.0865000e+04
   2.8593000e+04
   2.1512000e+04
   2.8694000e+04
   2.1250000e+04
   3.0029000e+04
   2.2966000e+04
   3.0579000e+04
   2.3035000e+04
   2.4080000e+04
   3.1125000e+04
   2.3774000e+04
   2.5199000e+04
   2.5540000e+04
   2.5268000e+04
   2.5968000e+04
   2.6203000e+04
   2.6115000e+04
   3.9948000e+04
   2.6739000e+04
   2.3034000e+04
   2.2878000e+04
   2.2984000e+04
   2.3026000e+04
   2.3224000e+04
   2.8325000e+04
   2.1866000e+04
   2.7859000e+04
   2.6231000e+04
   4.0481000e+04
   2.7170000e+04
   1.8185000e+04
   2.9219000e+04
   2.2421000e+04
   2.2670000e+04
   2.3127000e+04
   1.7953000e+04
   4.8871000e+04
   1.6254000e+04
   2.5650000e+03
   4.7427000e+04
   2.4012000e+04
   2.6174000e+04
   8.0010000e+03
   4.6066000e+04
   1.9812000e+04
   2.2283000e+04
   2.8059000e+04
   2.2144000e+04
   2.3089000e+04
   2.8526000e+04
   2.2025000e+04
   3.1074000e+04
   3.8774000e+04
   1.7935000e+04
   2.7421000e+04
   2.3115000e+04
   6.6669000e+04
   6.0950000e+03
   1.2651000e+04
   1.5940000e+04
   1.9433000e+04
   2.3272000e+04
   2.7075000e+04
   2.5291000e+04
   2.4756000e+04
   2.4228000e+04
   3.6913000e+04
   1.9671000e+04
   2.5919000e+04
   4.3256000e+04
   1.9890000e+04
   2.1756000e+04
   2.6763000e+04
   2.5373000e+04
   2.5906000e+04
   2.0903000e+04
   2.6783000e+04
   2.0689000e+04
   2.6283000e+04
   3.1277000e+04
   1.9717000e+04
   3.1376000e+04
   1.9213000e+04
   3.2071000e+04
   2.3569000e+04
   2.0656000e+04
   3.2252000e+04
   2.3300000e+04
   3.0584000e+04
   2.3368000e+04
   2.4032000e+04
   2.9841000e+04
   2.2269000e+04
   2.9194000e+04
   2.1638000e+04
   3.3239000e+04
   2.0486000e+04
   2.7157000e+04
   2.0736000e+04
   3.1805000e+04
   1.9752000e+04
   3.1217000e+04
   2.0357000e+04
   3.1098000e+04
   1.9685000e+04
   3.7452000e+04
   1.9218000e+04
   2.6401000e+04
   2.8837000e+04
   1.8208000e+04
   3.4926000e+04
   2.2206000e+04
   2.3097000e+04
   2.7600000e+04
   2.6479000e+04
   2.5704000e+04
   2.4850000e+04
   3.0055000e+04
   1.8810000e+04
   4.5128000e+04
   1.6834000e+04
   1.9459000e+04
   2.3309000e+04
   2.8589000e+04
   2.8390000e+04
   2.8367000e+04
   2.3033000e+04
   2.3681000e+04
   2.8842000e+04
   2.6781000e+04
   2.6808000e+04
   2.1961000e+04
   2.8311000e+04
   2.6609000e+04
   2.6757000e+04
   2.1611000e+04
   2.7408000e+04
   2.5979000e+04
   2.5273000e+04
   2.5190000e+04
   2.5168000e+04
   2.5178000e+04
   3.2635000e+04
   2.2537000e+04
   2.3636000e+04
   2.4357000e+04
   3.2149000e+04
   2.2522000e+04
   2.4088000e+04
   3.1760000e+04
   2.2353000e+04
   2.3742000e+04
   3.0872000e+04
   2.1799000e+04
   2.3449000e+04
   3.1194000e+04
   2.1572000e+04
   3.0091000e+04
   2.1556000e+04
   3.0008000e+04
   2.2165000e+04
   3.0753000e+04
   2.2259000e+04
   2.3619000e+04
   3.2100000e+04
   2.2824000e+04
   2.4085000e+04
   3.2176000e+04
   2.2789000e+04
   2.4335000e+04
   2.5495000e+04
   2.6083000e+04
   2.6639000e+04
   2.6970000e+04
   2.6949000e+04
   2.2191000e+04
   6.5614000e+04
   1.4425000e+04
   1.1826000e+04
   1.5706000e+04
   1.9459000e+04
   3.4133000e+04
   1.9650000e+04
   3.0552000e+04
   2.3293000e+04
   2.4249000e+04
   2.9584000e+04
   2.2626000e+04
   2.9637000e+04
   2.3047000e+04
   2.9945000e+04
   1.7107000e+04
   4.4700000e+04
   1.9073000e+04
   2.2799000e+04
   2.7790000e+04
   2.3378000e+04
   1.7987000e+04
   4.9519000e+04
   2.1956000e+04
   2.3629000e+04
   2.4417000e+04
   2.6572000e+04
   2.7042000e+04
   8.2090000e+03
   4.2135000e+04
   1.9710000e+04
   1.3816000e+04
   4.4839000e+04
   1.9854000e+04
   2.6854000e+04
   3.1017000e+04
   2.0587000e+04
   2.8366000e+04
   2.1324000e+04
   2.2784000e+04
   2.3310000e+04
   3.0048000e+04
   2.8418000e+04
   2.2973000e+04
   2.4896000e+04
   2.5379000e+04
   2.4880000e+04
   2.4550000e+04
   3.1526000e+04
   2.3575000e+04
   2.4253000e+04
   3.9104000e+04
   3.1957000e+04
   1.9030000e+04
   2.4605000e+04
   2.3696000e+04
   2.3856000e+04
   2.3583000e+04
   2.4020000e+04
   2.3645000e+04
   2.3800000e+04
   3.0612000e+04
   2.2633000e+04
   3.0651000e+04
   2.2926000e+04
   2.3893000e+04
   3.0519000e+04
   2.2588000e+04
   2.4976000e+04
   2.5878000e+04
   2.6109000e+04
   2.6108000e+04
   2.5756000e+04
   2.5840000e+04
   2.5462000e+04
   2.5415000e+04
   2.5395000e+04
   3.2419000e+04
   2.4363000e+04
   2.5370000e+04
   2.5538000e+04
   2.5988000e+04
   2.6094000e+04
   2.6336000e+04
   2.6775000e+04
   2.6870000e+04
   2.2244000e+04
   2.3514000e+04
   2.8688000e+04
   2.7641000e+04
   2.7239000e+04
   2.2763000e+04
   2.4095000e+04
   2.3896000e+04
   2.9586000e+04
   2.3102000e+04
   2.9385000e+04
   2.3107000e+04
   2.3872000e+04
   2.9422000e+04
   2.3140000e+04
   2.9818000e+04
   2.3235000e+04
   2.4616000e+04
   3.0094000e+04
   2.3518000e+04
   2.4632000e+04
   2.4840000e+04
