 2.08218750e+003
 1.04143750e+004
 2.07322500e+004
 3.64525625e+004
 4.99425625e+004
 5.53888125e+004
 5.87535000e+004
 5.62789375e+004
 5.38761875e+004
 5.39671250e+004
 5.41133125e+004
 5.42661875e+004
 5.45335000e+004
 5.42458125e+004
 5.40101875e+004
 5.48424375e+004
 5.55783125e+004
 5.56038750e+004
 5.55392500e+004
 5.50573125e+004
 5.44891250e+004
 5.45773125e+004
 5.44432500e+004
 5.29076250e+004
 5.13587500e+004
 4.96839375e+004
 4.82617500e+004
 4.92948125e+004
 5.05767500e+004
 5.28228750e+004
 5.49639375e+004
 5.44615625e+004
 5.34213750e+004
 5.02265625e+004
 4.71468125e+004
 4.62590000e+004
 4.57717500e+004
 4.61637500e+004
 4.64170625e+004
 4.53648750e+004
 4.41908125e+004
 4.41901250e+004
 4.41885000e+004
 4.44681250e+004
 4.47593750e+004
 4.33371875e+004
 4.19608125e+004
 4.09764375e+004
 4.00773750e+004
 3.99223750e+004
 3.98613125e+004
 3.91719375e+004
 3.84980000e+004
 3.96540000e+004
 4.06982500e+004
 3.86563750e+004
 3.98880000e+004
 3.46518125e+004
 3.43596875e+004
 3.78265000e+004
 3.48393750e+004
 3.94948750e+004
 3.47958750e+004
 2.99337500e+004
 3.13683750e+004
 2.71765000e+004
 2.76405625e+004
 3.13627500e+004
 2.92620000e+004
 3.26933750e+004
 3.60251875e+004
 3.58010625e+004
 3.82121250e+004
 3.81275625e+004
 3.80467500e+004
 3.83636250e+004
 3.87538750e+004
 3.89270000e+004
 3.89954375e+004
 3.84831250e+004
 3.79484375e+004
 3.74105000e+004
 3.69559375e+004
 3.75031250e+004
 3.80688750e+004
 3.96056250e+004
 4.11035625e+004
 4.37688750e+004
 4.64255000e+004
 4.35493125e+004
 4.45046875e+004
 3.81545625e+004
 3.17250625e+004
 3.33424375e+004
 2.71346875e+004
 2.64216250e+004
 2.91997500e+004
 2.46655625e+004
 2.41263750e+004
 2.69925625e+004
 2.32166250e+004
 2.33124375e+004
 2.75595625e+004
 2.52125625e+004
 2.62553750e+004
 3.08445000e+004
 2.74935625e+004
 2.75023125e+004
 3.07713125e+004
 2.69605000e+004
 2.70561250e+004
 3.05758750e+004
 2.74646250e+004
 2.77619375e+004
 3.11788750e+004
 2.74831250e+004
 2.96361875e+004
 3.19589375e+004
 2.81144375e+004
 3.05981250e+004
 2.78588750e+004
 3.04320625e+004
 3.61799375e+004
 3.68094375e+004
 4.57653125e+004
 4.37866875e+004
 4.12515000e+004
 4.49326250e+004
 3.72429375e+004
 3.48495625e+004
 3.79355000e+004
 3.28770625e+004
 3.36353125e+004
 3.98378125e+004
 3.58655625e+004
 3.62828750e+004
 4.14142500e+004
 3.62928125e+004
 3.63839375e+004
 4.17406250e+004
 3.76370000e+004
 3.85870625e+004
 4.47836875e+004
 4.02360625e+004
 4.48982500e+004
 4.95552500e+004
 4.88193750e+004
 5.38607500e+004
 4.98181250e+004
 5.10008750e+004
 4.68087500e+004
 4.20014375e+004
 4.69755000e+004
 4.14297500e+004
 4.13405000e+004
 4.68356250e+004
 4.17279375e+004
 4.17010625e+004
 4.68858125e+004
 4.12378125e+004
 4.07005625e+004
 4.56735625e+004
 3.98279375e+004
 3.92891875e+004
 4.40411875e+004
 3.79228125e+004
 3.72981875e+004
 4.19295000e+004
 3.65401875e+004
 3.68144375e+004
 4.23783125e+004
 3.80416250e+004
 3.86617500e+004
 4.43013125e+004
 3.99559375e+004
 4.05298125e+004
 4.64623125e+004
 4.23617500e+004
 4.27878750e+004
 4.82918125e+004
 4.32068750e+004
 4.27825625e+004
 4.77846875e+004
 4.22996875e+004
 4.18123750e+004
 4.68601875e+004
 4.12422500e+004
 4.06460625e+004
 4.56957500e+004
 3.98840625e+004
 3.93326250e+004
 4.42958750e+004
 3.82433750e+004
 3.76218125e+004
 4.23125000e+004
 3.64412500e+004
 3.61091875e+004
 4.06601250e+004
 3.48772500e+004
 3.43259375e+004
 3.88628125e+004
 3.38581250e+004
 3.42639375e+004
 4.04645625e+004
 3.65720625e+004
 3.74178750e+004
 4.24008125e+004
 3.62260625e+004
 3.52506250e+004
 3.99390625e+004
 3.60364375e+004
 3.75543750e+004
 4.42102500e+004
 3.98576875e+004
 3.96396250e+004
 4.47166250e+004
 3.93366250e+004
 3.92803125e+004
 4.48183750e+004
 3.98418750e+004
 3.98801250e+004
 4.48610625e+004
 3.89238750e+004
 3.80947500e+004
 4.27006875e+004
 3.73839375e+004
 3.73079375e+004
 4.23648750e+004
 3.68566250e+004
 3.63320625e+004
 4.10891250e+004
 3.59586250e+004
 3.62635000e+004
 4.21856250e+004
 3.80796875e+004
 3.88331875e+004
 4.40329375e+004
 3.82037500e+004
 3.72068125e+004
 4.12990625e+004
 3.60404375e+004
 3.61440625e+004
 4.13421875e+004
 3.64223750e+004
 3.63340000e+004
 4.16523125e+004
 3.70982500e+004
 3.76944375e+004
 4.36988750e+004
 3.91739375e+004
 3.95133125e+004
 4.51976250e+004
 3.98900625e+004
 3.97299375e+004
 4.44847500e+004
 3.82419375e+004
 3.74474375e+004
 4.14421250e+004
 3.54509375e+004
 3.49428750e+004
 3.92926875e+004
 3.42835000e+004
 3.44892500e+004
 4.04207500e+004
 3.66930000e+004
 3.73501875e+004
 4.21771250e+004
 3.57456875e+004
 3.41743750e+004
 3.69269375e+004
 3.10537500e+004
 3.07508750e+004
 3.42938750e+004
 2.97413750e+004
 2.94869375e+004
 3.25870000e+004
 2.81148750e+004
 2.78068750e+004
 2.99451250e+004
 2.54764375e+004
 2.48538125e+004
 2.95554375e+004
 2.94980625e+004
 3.27979375e+004
 4.07490625e+004
 3.75981875e+004
 3.66852500e+004
 4.01925625e+004
 3.39633750e+004
 3.35493125e+004
 3.89386875e+004
 3.53146875e+004
 3.65660000e+004
 4.15493750e+004
 3.52715000e+004
 3.35741250e+004
 3.67243125e+004
 3.19622500e+004
 3.27188125e+004
 3.81616250e+004
 3.42165625e+004
 3.41782500e+004
 3.90072500e+004
 3.43730625e+004
 3.43269375e+004
 3.92331250e+004
 3.45667500e+004
 3.45602500e+004
 3.90996875e+004
 3.40075625e+004
 3.35461875e+004
 3.78790000e+004
 3.32846250e+004
 3.34076250e+004
 3.93271875e+004
 3.58566250e+004
 3.67360000e+004
 4.32759375e+004
 3.86571250e+004
 3.87656875e+004
 4.45510625e+004
 3.91676250e+004
 3.91166250e+004
 4.37517500e+004
 3.72137500e+004
 3.62266875e+004
 4.01693125e+004
 3.46638750e+004
 3.48173125e+004
 4.04249375e+004
 3.66557500e+004
 3.76386250e+004
 4.35048750e+004
 3.85400000e+004
 3.80771250e+004
 4.23831250e+004
 3.66301250e+004
 3.62789375e+004
 4.08085625e+004
 3.55605000e+004
 3.54635000e+004
 4.02470625e+004
 3.54987500e+004
 3.56797500e+004
 4.07698750e+004
 3.60905000e+004
 3.61415625e+004
 4.10285625e+004
 3.62035625e+004
 3.62556250e+004
 4.18694375e+004
 3.79836250e+004
 3.86890625e+004
 4.42538125e+004
 3.87576875e+004
 3.78831875e+004
 4.16429375e+004
 3.57462500e+004
 3.54077500e+004
 3.98542500e+004
 3.52820000e+004
 3.54228750e+004
 4.02253750e+004
 3.55680625e+004
 3.53985625e+004
 4.01716875e+004
 3.53440000e+004
 3.50910625e+004
 3.98615625e+004
 3.47771250e+004
 3.45721250e+004
 3.93831250e+004
 3.42035625e+004
 3.40554375e+004
 3.89824375e+004
 3.43292500e+004
 3.47523125e+004
 4.07565000e+004
 3.66241875e+004
 3.70760625e+004
 4.10655625e+004
 3.39098125e+004
 3.19392500e+004
 3.55966250e+004
 3.19720000e+004
 3.37549375e+004
 3.99141875e+004
 3.51902500e+004
 3.39677500e+004
 3.77556250e+004
 3.25353750e+004
 3.26016250e+004
 3.77880000e+004
 3.31140625e+004
 3.28828125e+004
 3.75355000e+004
 3.23980625e+004
 3.22409375e+004
 3.67965625e+004
 3.19840000e+004
 3.20363125e+004
 3.72672500e+004
 3.33261875e+004
 3.39445000e+004
 3.92038125e+004
 3.43554375e+004
 3.41691250e+004
 3.96850000e+004
 3.59601875e+004
 3.69666875e+004
 4.22031250e+004
 3.61588750e+004
 3.46811250e+004
 3.80758750e+004
 3.26061875e+004
 3.26920625e+004
 3.79421250e+004
 3.37842500e+004
 3.41608125e+004
 3.94308125e+004
 3.44106250e+004
 3.41781875e+004
 3.83290625e+004
 3.29433125e+004
 3.27160000e+004
 3.68445000e+004
 3.22118750e+004
 3.22361250e+004
 3.64606875e+004
 3.18101250e+004
 3.15626250e+004
 3.52663750e+004
 3.06076250e+004
 3.04513125e+004
 3.36808750e+004
 2.93345625e+004
 2.91109375e+004
 3.16636875e+004
 2.74496250e+004
 2.67733125e+004
 2.66570625e+004
 2.65000625e+004
 2.93845625e+004
 3.21949375e+004
 3.68075625e+004
 3.28441875e+004
 2.92498750e+004
 3.03906875e+004
 2.62122500e+004
 2.79905000e+004
 3.50075625e+004
 3.29978750e+004
 3.39584375e+004
 3.87976250e+004
 3.30489375e+004
 3.18985625e+004
 3.48411875e+004
 2.96832500e+004
 2.98570625e+004
 3.48350000e+004
 3.16545000e+004
 3.24289375e+004
 3.81790625e+004
 3.41166250e+004
 3.41167500e+004
 3.98130000e+004
 3.54309375e+004
 3.59101875e+004
 4.04471250e+004
 3.38999375e+004
 3.23810625e+004
 3.49365625e+004
 2.94493125e+004
 2.95030000e+004
 3.47715625e+004
 3.19808750e+004
 3.30546250e+004
 3.89117500e+004
 3.43450625e+004
 3.38464375e+004
 3.83172500e+004
 3.31507500e+004
 3.33110000e+004
 3.87952500e+004
 3.46760000e+004
 3.52436250e+004
 4.01828750e+004
 3.43811250e+004
 3.33433125e+004
 3.71445000e+004
 3.18956875e+004
 3.20226250e+004
 3.69273125e+004
 3.25073750e+004
 3.26823750e+004
 3.85880000e+004
 3.50168750e+004
 3.59959375e+004
 4.16320625e+004
 3.59650625e+004
 3.50654375e+004
 3.87056875e+004
 3.31434375e+004
 3.31891875e+004
 3.75595000e+004
 3.30365000e+004
 3.30132500e+004
 3.75693125e+004
 3.33355625e+004
 3.34376875e+004
 3.78929375e+004
 3.29810625e+004
 3.24000625e+004
 3.67404375e+004
 3.24180625e+004
 3.28929375e+004
 3.90952500e+004
 3.54701875e+004
 3.60316875e+004
 4.07423750e+004
 3.40525000e+004
 3.24130000e+004
 3.66835000e+004
 3.24594375e+004
 3.39344375e+004
 3.90461250e+004
 3.26126250e+004
 3.05162500e+004
 3.25841250e+004
 2.71058750e+004
 2.74260625e+004
 3.18007500e+004
 2.79436875e+004
 2.79289375e+004
 3.20298125e+004
 2.79706875e+004
 2.80341250e+004
 3.33357500e+004
 3.03249375e+004
 3.13950625e+004
 3.63915625e+004
 3.08619375e+004
 2.96661875e+004
 3.27768125e+004
 2.81351875e+004
 2.88570625e+004
 3.41376875e+004
 3.11161250e+004
 3.20329375e+004
 3.86095000e+004
 3.58928125e+004
 3.69939375e+004
 4.34998750e+004
 3.85465000e+004
 3.80793125e+004
 4.18415000e+004
 3.44493125e+004
 3.29069375e+004
 3.55135625e+004
 3.00290625e+004
 3.02743125e+004
 3.46999375e+004
 3.11500000e+004
 3.16522500e+004
 3.65375000e+004
 3.27706875e+004
 3.28203125e+004
 3.73291875e+004
 3.27205000e+004
 3.24299375e+004
 3.62580625e+004
 3.10423125e+004
 3.03872500e+004
 3.37423125e+004
 2.89731250e+004
 2.87175000e+004
 3.24142500e+004
 2.80390000e+004
 2.77825000e+004
 3.19446250e+004
 2.85495000e+004
 2.93500000e+004
 3.59177500e+004
 3.38185625e+004
 3.53133750e+004
 4.05153750e+004
 3.42546875e+004
 3.23545625e+004
 3.36113750e+004
 2.71983750e+004
 2.65230625e+004
 2.90189375e+004
 2.53873750e+004
 2.56277500e+004
 2.85663750e+004
 2.49995625e+004
 2.43848750e+004
 2.60828125e+004
 2.22615625e+004
 2.17364375e+004
 2.18392500e+004
 2.28966875e+004
 2.66297500e+004
 3.02980625e+004
 3.58126250e+004
 3.22656875e+004
 2.88149375e+004
 2.91344375e+004
 2.42085625e+004
 2.51209375e+004
 3.06960625e+004
 2.88653750e+004
 2.99348750e+004
 3.59682500e+004
 3.28493125e+004
 3.34708125e+004
 3.78656250e+004
 3.22689375e+004
 3.12047500e+004
 3.45080000e+004
 3.02515000e+004
 3.08168750e+004
 3.57870625e+004
 3.17413125e+004
 3.11724375e+004
 3.52181250e+004
 3.01230000e+004
 2.96025625e+004
 3.39350625e+004
 2.92850000e+004
 2.93675625e+004
 3.34938750e+004
 2.86564375e+004
 2.84378750e+004
 3.36309375e+004
 3.09826250e+004
 3.27726875e+004
 3.89771250e+004
 3.44924375e+004
 3.37558125e+004
 3.84406875e+004
 3.41023750e+004
 3.50170625e+004
 4.00850625e+004
 3.42144375e+004
 3.28818750e+004
 3.63010000e+004
 3.15114375e+004
 3.20676875e+004
 3.70991875e+004
 3.25072500e+004
 3.20289375e+004
 3.57611875e+004
 3.04205000e+004
 2.98996875e+004
 3.39778125e+004
 2.99954375e+004
 3.05350000e+004
 3.55171250e+004
 3.13739375e+004
 3.11513750e+004
 3.50067500e+004
 3.00969375e+004
 2.96600000e+004
 3.34713750e+004
 2.93470625e+004
 2.97131875e+004
 3.58665625e+004
 3.36436250e+004
 3.51897500e+004
 4.08078125e+004
 3.49208125e+004
 3.31134375e+004
 3.56043125e+004
 2.93660625e+004
 2.88752500e+004
 3.24655625e+004
 2.76401250e+004
 2.74275625e+004
 3.22717500e+004
 2.90775625e+004
 3.00255000e+004
 3.52372500e+004
 3.04003125e+004
 2.97372500e+004
 3.39472500e+004
 2.95235000e+004
 3.01490625e+004
 3.50151250e+004
 3.03805625e+004
 2.99455000e+004
 3.39676250e+004
 2.92796250e+004
 2.93586875e+004
 3.39071250e+004
 2.96365625e+004
 2.97713750e+004
 3.52398125e+004
 3.20468125e+004
 3.30738750e+004
 3.76240625e+004
 3.14550000e+004
 2.96075000e+004
 3.18425000e+004
 2.69278750e+004
 2.73548750e+004
 3.15518125e+004
 2.77688125e+004
 2.75473125e+004
 3.13765000e+004
 2.76060625e+004
 2.80657500e+004
 3.42760625e+004
 3.23896875e+004
 3.41648125e+004
 4.00320625e+004
 3.43175000e+004
 3.25891875e+004
 3.53108125e+004
 2.91779375e+004
 2.88759375e+004
 3.26967500e+004
 2.77932500e+004
 2.74222500e+004
 3.15300000e+004
 2.76074375e+004
 2.82184375e+004
 3.37968125e+004
 3.05351250e+004
 3.12105000e+004
 3.55137500e+004
 2.99536875e+004
 2.87048125e+004
 3.15535000e+004
 2.68463125e+004
 2.69959375e+004
 3.08910000e+004
 2.67213125e+004
 2.64046250e+004
 3.00374375e+004
 2.63601875e+004
 2.65597500e+004
 3.04327500e+004
 2.65841875e+004
 2.63798750e+004
 3.18847500e+004
 2.99509375e+004
 3.18144375e+004
 3.68141875e+004
 3.06610625e+004
 2.81425000e+004
 2.87076250e+004
 2.30130000e+004
 2.30986875e+004
 2.71190000e+004
 2.50803125e+004
 2.62266875e+004
 2.86826875e+004
 2.35118125e+004
 2.13440000e+004
 1.93944375e+004
 1.99946875e+004
 2.43145000e+004
 2.86031875e+004
 3.45665625e+004
 3.08107500e+004
 2.72133125e+004
 2.70092500e+004
 2.25703750e+004
 2.37661875e+004
 2.83118125e+004
 2.62500625e+004
 2.64596250e+004
 3.04544375e+004
 2.75129375e+004
 2.79288750e+004
 3.23487500e+004
 2.93183750e+004
 2.98236875e+004
 3.54266250e+004
 3.28628125e+004
 3.37809375e+004
 3.81784375e+004
 3.19880625e+004
 2.99717500e+004
 3.29120000e+004
 2.86608750e+004
 2.98001875e+004
 3.47356250e+004
 3.02442500e+004
 2.94265625e+004
 3.21909375e+004
 2.75286250e+004
 2.76097500e+004
 3.28884375e+004
 3.09490000e+004
 3.24135000e+004
 3.79960000e+004
 3.30718750e+004
 3.17825625e+004
 3.50676875e+004
 2.99180000e+004
 3.00951250e+004
 3.42835000e+004
 2.98600625e+004
 2.95728125e+004
 3.29735000e+004
 2.83850000e+004
 2.79875625e+004
 3.18155625e+004
 2.82294375e+004
 2.86675625e+004
 3.48985000e+004
 3.28793750e+004
 3.43666250e+004
 3.90680000e+004
 3.23106250e+004
 2.96446250e+004
 3.09725625e+004
 2.57273750e+004
 2.63438125e+004
 3.13433125e+004
 2.89586875e+004
 2.98240000e+004
 3.48254375e+004
 3.11945000e+004
 3.10035000e+004
 3.52545625e+004
 3.08451875e+004
 3.07767500e+004
 3.48106250e+004
 3.00696875e+004
 2.97118750e+004
 3.31572500e+004
 2.85956875e+004
 2.82747500e+004
 3.17571250e+004
 2.74721875e+004
 2.72329375e+004
 3.14781250e+004
 2.82108125e+004
 2.89559375e+004
 3.48191875e+004
 3.20762500e+004
 3.28650000e+004
 3.74225625e+004
 3.17605000e+004
 3.03337500e+004
 3.28047500e+004
 2.74498750e+004
 2.71376250e+004
 3.10146250e+004
 2.74443125e+004
 2.77384375e+004
 3.25158750e+004
 2.89250625e+004
 2.89893125e+004
 3.34555625e+004
 2.89947500e+004
 2.88446250e+004
 3.29955625e+004
 2.85688750e+004
 2.87609375e+004
 3.26536250e+004
 2.81655000e+004
 2.78385625e+004
 3.10943125e+004
 2.67256875e+004
 2.65071250e+004
 3.03585625e+004
 2.67705000e+004
 2.69850625e+004
 3.17520000e+004
 2.87709375e+004
 2.95478750e+004
 3.42114375e+004
 2.98793125e+004
 2.92783750e+004
 3.33139375e+004
 2.95823125e+004
 3.01671875e+004
 3.47495000e+004
 2.99462500e+004
 2.90454375e+004
 3.26236875e+004
 2.82502500e+004
 2.85312500e+004
 3.27683750e+004
 2.83058750e+004
 2.78061250e+004
 3.12936875e+004
 2.68979375e+004
 2.68584375e+004
 3.07465000e+004
 2.68422500e+004
 2.67195625e+004
 3.04573750e+004
 2.64356250e+004
 2.62325000e+004
 3.18781875e+004
 2.98193125e+004
 3.15973125e+004
 3.66512500e+004
 3.03746875e+004
 2.79186875e+004
 2.89705000e+004
 2.36042500e+004
 2.38988750e+004
 2.72923125e+004
 2.38455000e+004
 2.36428750e+004
 2.69120625e+004
 2.40725000e+004
 2.45098125e+004
 2.77121250e+004
 2.38471250e+004
 2.29060625e+004
 2.38677500e+004
 1.92266250e+004
 1.82104375e+004
 1.78316875e+004
 1.96660000e+004
 2.42284375e+004
 2.87455625e+004
 3.46161250e+004
 3.08040625e+004
 2.71932500e+004
 2.72070000e+004
 2.32745625e+004
 2.51237500e+004
 3.12583750e+004
 3.01814375e+004
 3.09731875e+004
 3.54961250e+004
 3.09523125e+004
 2.98910625e+004
 3.26715000e+004
 2.75134375e+004
 2.70742500e+004
 3.04651875e+004
 2.66002500e+004
 2.69273125e+004
 3.18932500e+004
 2.94518125e+004
 3.05046875e+004
 3.61678125e+004
 3.24151250e+004
 3.21740000e+004
 3.57182500e+004
 2.97185625e+004
 2.83655000e+004
 3.08761875e+004
 2.60603750e+004
 2.60777500e+004
 3.15347500e+004
 2.95412500e+004
 3.10688750e+004
 3.83589375e+004
 3.47643125e+004
 3.48881250e+004
 3.85825625e+004
 3.06298125e+004
 2.82918125e+004
 2.95810625e+004
 2.39929375e+004
 2.43684375e+004
 2.85531250e+004
 2.55296875e+004
 2.60364375e+004
 3.07684375e+004
 2.76001875e+004
 2.80358750e+004
 3.26765625e+004
 2.86786250e+004
 2.86290000e+004
 3.24183750e+004
 2.77778125e+004
 2.76258125e+004
 3.29758750e+004
 3.07339375e+004
 3.24886875e+004
 3.78742500e+004
 3.24136875e+004
 3.07345625e+004
 3.30226250e+004
 2.76963750e+004
 2.77980625e+004
 3.31648125e+004
 3.08313125e+004
 3.22196250e+004
 3.73703125e+004
 3.17968750e+004
 3.00513125e+004
 3.22447500e+004
 2.66626250e+004
 2.65692500e+004
 3.05988750e+004
 2.70018125e+004
 2.74296875e+004
 3.19871250e+004
 2.84484375e+004
 2.86681250e+004
 3.31289375e+004
 2.91358750e+004
 2.91028125e+004
 3.26883125e+004
 2.76307500e+004
 2.69713750e+004
 3.06768125e+004
 2.73139375e+004
 2.83264375e+004
 3.39134375e+004
 3.07861250e+004
 3.09246250e+004
 3.46588125e+004
 2.89343750e+004
 2.77964375e+004
 3.24355000e+004
 2.97448750e+004
 3.18571250e+004
 3.72082500e+004
 3.15129375e+004
 2.95423750e+004
 3.09462500e+004
 2.55490000e+004
 2.58573125e+004
 3.01283125e+004
 2.74868125e+004
 2.81605625e+004
 3.25365625e+004
 2.89329375e+004
 2.87703125e+004
 3.31061875e+004
 2.94711875e+004
 2.98136875e+004
 3.38152500e+004
 2.89580000e+004
 2.81148125e+004
 3.07386875e+004
 2.62148750e+004
 2.61582500e+004
 3.02204375e+004
 2.75733125e+004
 2.85964375e+004
 3.52558125e+004
 3.37815000e+004
 3.52737500e+004
 4.01395625e+004
 3.35580000e+004
 3.09617500e+004
 3.23456250e+004
 2.64868125e+004
 2.64985000e+004
 3.01311250e+004
 2.63091875e+004
 2.61898125e+004
 3.00150000e+004
 2.67608750e+004
 2.73408125e+004
 3.20620625e+004
 2.86950625e+004
 2.89227500e+004
 3.34914375e+004
 2.98616875e+004
 3.02100625e+004
 3.41435625e+004
 2.92696250e+004
 2.84640625e+004
 3.08798125e+004
 2.58783750e+004
 2.52110000e+004
 2.72226875e+004
 2.29115625e+004
 2.23381250e+004
 2.46586875e+004
 2.15875000e+004
 2.15902500e+004
 2.31811875e+004
 1.90298125e+004
 1.76823750e+004
 1.68268750e+004
 1.86085000e+004
 2.32955625e+004
 2.78273750e+004
 3.43528750e+004
 3.09280000e+004
 2.75187500e+004
 2.75413125e+004
 2.23955625e+004
 2.29496250e+004
 2.68396875e+004
 2.41378750e+004
 2.43296875e+004
 2.82033750e+004
 2.55160625e+004
 2.60813125e+004
 3.00525625e+004
 2.68675000e+004
 2.67278125e+004
 3.03192500e+004
 2.67649375e+004
 2.67488125e+004
 3.23793750e+004
 3.04676875e+004
 3.21492500e+004
 3.70797500e+004
 3.11133750e+004
 2.89498125e+004
 3.12544375e+004
 2.69203750e+004
 2.78956875e+004
 3.24598750e+004
 2.81073125e+004
 2.71858750e+004
 3.21833750e+004
 3.01576250e+004
 3.27856250e+004
 4.04213750e+004
 3.66612500e+004
 3.63197500e+004
 3.99448125e+004
 3.35605625e+004
 3.27006875e+004
 3.64700000e+004
 3.19216875e+004
 3.21215625e+004
 3.63445000e+004
 3.11278750e+004
 2.99069375e+004
 3.31517500e+004
 2.82117500e+004
 2.79793125e+004
 3.29193125e+004
 2.92811250e+004
 2.98668750e+004
 3.41436875e+004
 2.84815000e+004
 2.71467500e+004
 2.98365000e+004
 2.54636250e+004
 2.61087500e+004
 3.18893750e+004
 2.96268125e+004
 3.07341875e+004
 3.58545000e+004
 3.05657500e+004
 2.91404375e+004
 3.16281875e+004
 2.57954375e+004
 2.51830000e+004
 2.87204375e+004
 2.47587500e+004
 2.50476250e+004
 2.94056875e+004
 2.59270000e+004
 2.62108750e+004
 3.02114375e+004
 2.62794375e+004
 2.60963750e+004
 2.97473125e+004
 2.59940625e+004
 2.60840000e+004
 3.07695625e+004
 2.75775625e+004
 2.79928750e+004
 3.15571250e+004
 2.61117500e+004
 2.46446875e+004
 2.67285000e+004
 2.25758125e+004
 2.29541250e+004
 2.69025625e+004
 2.40398125e+004
 2.45188750e+004
 2.99693125e+004
 2.84698125e+004
 3.03045625e+004
 3.61120625e+004
 3.20424375e+004
 3.13294375e+004
 3.38635000e+004
 2.79470000e+004
 2.67174375e+004
 2.95385000e+004
 2.56661250e+004
 2.59296875e+004
 3.01440625e+004
 2.62893125e+004
 2.59953125e+004
 3.17613750e+004
 3.02493750e+004
 3.28056875e+004
 3.83864375e+004
 3.23692500e+004
 2.97701250e+004
 3.06781875e+004
 2.52336875e+004
 2.53764375e+004
 2.96234375e+004
 2.66775000e+004
 2.68790625e+004
 3.09529375e+004
 2.68638125e+004
 2.65095000e+004
 3.00247500e+004
 2.59696875e+004
 2.62485625e+004
 3.17629375e+004
 2.95913125e+004
 3.12067500e+004
 3.60630000e+004
 3.01574375e+004
 2.81864375e+004
 3.04876250e+004
 2.58460625e+004
 2.66671250e+004
 3.13972500e+004
 2.74646250e+004
 2.68805000e+004
 3.10259375e+004
 2.70420000e+004
 2.74111875e+004
 3.11593750e+004
 2.54456250e+004
 2.39324375e+004
 2.58529375e+004
 2.15321875e+004
 2.20186250e+004
 2.57795625e+004
 2.29511250e+004
 2.31437500e+004
 2.59893125e+004
 2.23183125e+004
 2.17793125e+004
 2.35080625e+004
 1.97717500e+004
 1.92627500e+004
 2.03363750e+004
 1.70800625e+004
 1.69141875e+004
 1.73717500e+004
 2.05961250e+004
 2.60042500e+004
 3.08093125e+004
 3.71107500e+004
 3.34908125e+004
 2.96989375e+004
 3.07681875e+004
 2.69649375e+004
 2.86525625e+004
 3.31097500e+004
 2.82525000e+004
 2.61102500e+004
 2.74576250e+004
 2.32411250e+004
 2.36936875e+004
 2.77080000e+004
 2.51126875e+004
 2.53266250e+004
 2.91810000e+004
 2.58916250e+004
 2.56840000e+004
 2.93840000e+004
 2.57540000e+004
 2.56604375e+004
 2.93725000e+004
 2.53406250e+004
 2.51155625e+004
 2.85655625e+004
 2.47611250e+004
 2.48746250e+004
 2.80980625e+004
 2.42253125e+004
 2.42289375e+004
 2.99967500e+004
 2.94009375e+004
 3.22288125e+004
 4.04555000e+004
 3.70875000e+004
 3.67131250e+004
 3.99640625e+004
 3.16738750e+004
 2.90716250e+004
 3.02900625e+004
 2.42558750e+004
 2.41293750e+004
 2.77596875e+004
 2.41675000e+004
 2.43216875e+004
 2.85938750e+004
 2.56985625e+004
 2.63706250e+004
 3.05836250e+004
 2.66643750e+004
 2.61869375e+004
 2.92923750e+004
 2.52091250e+004
 2.51481875e+004
 2.89863750e+004
 2.57586250e+004
 2.62380625e+004
 3.04777500e+004
 2.72647500e+004
 2.76345000e+004
 3.16355000e+004
 2.82498125e+004
 2.84645625e+004
 3.31200000e+004
 3.00832500e+004
 3.04522500e+004
 3.42210625e+004
 2.87329375e+004
 2.72308750e+004
 2.97425625e+004
 2.55073125e+004
 2.59890625e+004
 3.04126875e+004
 2.72212500e+004
 2.72968125e+004
 3.17048125e+004
 2.80681250e+004
 2.81590625e+004
 3.23705000e+004
 2.78893750e+004
 2.73207500e+004
 3.04683750e+004
 2.55603750e+004
 2.49753125e+004
 2.83061250e+004
 2.44434375e+004
 2.47356875e+004
 2.88660625e+004
 2.56851875e+004
 2.61610625e+004
 3.16248125e+004
 2.95421875e+004
 3.08177500e+004
 3.48385000e+004
 2.85753125e+004
 2.60825625e+004
 2.75598125e+004
 2.31760000e+004
 2.40728750e+004
 2.86494375e+004
 2.56991875e+004
 2.57693125e+004
 2.97455625e+004
 2.64363750e+004
 2.68557500e+004
 3.11550625e+004
 2.75793125e+004
 2.74654375e+004
 3.10722500e+004
 2.69912500e+004
 2.65397500e+004
 2.99221250e+004
 2.58353125e+004
 2.54018125e+004
 2.89242500e+004
 2.50571250e+004
 2.49981250e+004
 2.87565000e+004
 2.53206250e+004
 2.57011250e+004
 3.11848750e+004
 2.95284375e+004
 3.13580625e+004
 3.64628125e+004
 3.13443750e+004
 2.96495625e+004
 3.15418125e+004
 2.64889375e+004
 2.63840000e+004
 3.05239375e+004
 2.73553750e+004
 2.76553750e+004
 3.20525625e+004
 2.79963125e+004
 2.76969375e+004
 3.15790625e+004
 2.76291875e+004
 2.79670625e+004
 3.17383125e+004
 2.74451875e+004
 2.70865000e+004
 3.02801250e+004
 2.66550625e+004
 2.70443750e+004
 3.05005625e+004
 2.68281875e+004
 2.64236875e+004
 2.88552500e+004
 2.49546875e+004
 2.45903125e+004
 2.74015625e+004
 2.44309375e+004
 2.46660625e+004
 2.65137500e+004
 2.22565625e+004
 2.08904375e+004
 1.97141250e+004
 2.10197500e+004
 2.52494375e+004
 2.93048125e+004
 3.53198125e+004
 3.15395000e+004
 2.79088750e+004
 2.88128750e+004
 2.49533750e+004
 2.66800625e+004
 3.17685000e+004
 2.80377500e+004
 2.69215000e+004
 2.94731250e+004
 2.50232500e+004
 2.49980625e+004
 2.83988750e+004
 2.47990625e+004
 2.48383750e+004
 2.85916875e+004
 2.56379375e+004
 2.61836875e+004
 3.13790625e+004
 2.92980625e+004
 3.02607500e+004
 3.40415625e+004
 2.84005625e+004
 2.65223125e+004
 2.84838750e+004
 2.46541875e+004
 2.57741250e+004
 3.02715625e+004
 2.79033750e+004
 2.87934375e+004
 3.43055625e+004
 3.27436875e+004
 3.43931875e+004
 4.01420000e+004
 3.61121875e+004
 3.53979375e+004
 4.01465000e+004
 3.56678125e+004
 3.59715625e+004
 4.01599375e+004
 3.32403750e+004
 3.12181875e+004
 3.33705625e+004
 2.80986875e+004
 2.84449375e+004
 3.26331250e+004
 2.88079375e+004
 2.87570000e+004
 3.39070625e+004
 3.11024375e+004
 3.21775625e+004
 3.72133750e+004
 3.19543125e+004
 3.07421250e+004
 3.34330000e+004
 2.80470625e+004
 2.78070000e+004
 3.10341875e+004
 2.66281875e+004
 2.63364375e+004
 2.97283125e+004
 2.60641250e+004
 2.62160000e+004
 3.03051875e+004
 2.69811250e+004
 2.71425000e+004
 3.16230000e+004
 2.81915625e+004
 2.85348125e+004
 3.38454375e+004
 3.04295625e+004
 3.08135625e+004
 3.47191250e+004
 2.88647500e+004
 2.74669375e+004
 3.08055625e+004
 2.68981250e+004
 2.78671875e+004
 3.24358125e+004
 2.78906875e+004
 2.71355000e+004
 3.00680625e+004
 2.57771875e+004
 2.60041875e+004
 2.97095625e+004
 2.60198750e+004
 2.58761875e+004
 2.95706250e+004
 2.60192500e+004
 2.61673125e+004
 3.01491250e+004
 2.63812500e+004
 2.63511250e+004
 3.07978750e+004
 2.77231250e+004
 2.86375625e+004
 3.33260000e+004
 2.91253750e+004
 2.85629375e+004
 3.17346875e+004
 2.72653750e+004
 2.71426250e+004
 3.19026875e+004
 2.90366875e+004
 2.98166250e+004
 3.55285000e+004
 3.15973750e+004
 3.13648125e+004
 3.47325625e+004
 2.82873750e+004
 2.66909375e+004
 2.89023125e+004
 2.41590000e+004
 2.43745000e+004
 2.83445625e+004
 2.49241875e+004
 2.50591875e+004
 2.89433750e+004
 2.52388750e+004
 2.52730000e+004
 2.88098750e+004
 2.47830000e+004
 2.45876250e+004
 2.83975000e+004
 2.49961875e+004
 2.53768750e+004
 2.92387500e+004
 2.50226875e+004
 2.45231250e+004
 2.72062500e+004
 2.30291250e+004
 2.29157500e+004
 2.63493125e+004
 2.36732500e+004
 2.43642500e+004
 3.06572500e+004
 2.97453125e+004
 3.15929375e+004
 3.73098125e+004
 3.17077500e+004
 2.97735000e+004
 3.14803125e+004
 2.54643125e+004
 2.52165625e+004
 2.78671250e+004
 2.36806875e+004
 2.34278125e+004
 2.59019375e+004
 2.24488750e+004
 2.23881250e+004
 2.46866875e+004
 2.14583750e+004
 2.12025625e+004
 2.25622500e+004
 1.92402500e+004
 1.86507500e+004
 1.84638125e+004
 2.07138125e+004
 2.51628750e+004
 2.96898750e+004
 3.57574375e+004
 3.22678125e+004
 2.89352500e+004
 2.90203125e+004
 2.47899375e+004
 2.58471250e+004
 3.01386875e+004
 2.72826875e+004
 2.66380625e+004
 2.96625000e+004
 2.57997500e+004
 2.55247500e+004
 2.92955625e+004
 2.60465000e+004
 2.63897500e+004
 3.05772500e+004
 2.70062500e+004
 2.70723750e+004
 3.10418750e+004
 2.73088750e+004
 2.73189375e+004
 3.08198125e+004
 2.63570625e+004
 2.58688750e+004
 2.93050625e+004
 2.55139375e+004
 2.58621875e+004
 2.95263750e+004
 2.56877500e+004
 2.55483125e+004
 2.98585625e+004
 2.76071250e+004
 2.89850625e+004
 3.49235625e+004
 3.16135625e+004
 3.12501875e+004
 3.44086875e+004
 2.83688750e+004
 2.71015000e+004
 3.10088125e+004
 2.80541875e+004
 2.97173750e+004
 3.51756875e+004
 3.09073750e+004
 3.01091875e+004
 3.34233125e+004
 2.90310625e+004
 2.94573125e+004
 3.35952500e+004
 2.94585000e+004
 2.90922500e+004
 3.25056250e+004
 2.83298125e+004
 2.82335000e+004
 3.22431250e+004
 2.84897500e+004
 2.84398125e+004
 3.22340625e+004
 2.77989375e+004
 2.72580625e+004
 3.23338750e+004
 2.97575625e+004
 3.12930625e+004
 3.65621250e+004
 3.07931250e+004
 2.88781250e+004
 3.09035000e+004
 2.56675625e+004
 2.59966875e+004
 3.04660000e+004
 2.71711875e+004
 2.74507500e+004
 3.23473750e+004
 2.89306250e+004
 2.94145625e+004
 3.39996875e+004
 2.92133125e+004
 2.86655000e+004
 3.22571875e+004
 2.76556875e+004
 2.76684375e+004
 3.11718125e+004
 2.63651250e+004
 2.55397500e+004
 2.88456250e+004
 2.50687500e+004
 2.53770625e+004
 2.96641250e+004
 2.59874375e+004
 2.57826250e+004
 3.02253750e+004
 2.70466250e+004
 2.77759375e+004
 3.22076875e+004
 2.75556250e+004
 2.66730000e+004
 2.92929375e+004
 2.46533125e+004
 2.44651875e+004
 2.83788125e+004
 2.53740000e+004
 2.60950000e+004
 3.03725625e+004
 2.65189375e+004
 2.63657500e+004
 3.05641250e+004
 2.78751250e+004
 2.91930000e+004
 3.42351250e+004
 3.03441875e+004
 2.98476250e+004
 3.29152500e+004
 2.78626250e+004
 2.72365000e+004
 3.02130625e+004
 2.60081250e+004
 2.57708750e+004
 2.96310000e+004
 2.63055000e+004
 2.66831875e+004
 3.17356250e+004
 2.87987500e+004
 2.93775000e+004
 3.31130625e+004
 2.79216875e+004
 2.66345625e+004
 2.84267500e+004
 2.37703750e+004
 2.36199375e+004
 2.69111250e+004
 2.42566250e+004
 2.48829375e+004
 2.88917500e+004
 2.61329375e+004
 2.61534375e+004
 2.95975625e+004
 2.61687500e+004
 2.61001875e+004
 3.04670000e+004
 2.78500625e+004
 2.85455625e+004
 3.28213750e+004
 2.85917500e+004
 2.78773750e+004
 3.07024375e+004
 2.64696250e+004
 2.65386250e+004
 3.04041875e+004
 2.73968125e+004
 2.77905625e+004
 3.05116875e+004
 2.57049375e+004
 2.43552500e+004
 2.47285625e+004
 2.03104375e+004
 1.96523750e+004
 1.94999375e+004
 2.17539375e+004
 2.64491875e+004
 3.11550625e+004
 3.73668125e+004
 3.39812500e+004
 3.04938750e+004
 2.99851250e+004
 2.48883125e+004
 2.53018750e+004
 2.91539375e+004
 2.68318750e+004
 2.71081875e+004
 3.10950625e+004
 2.82105000e+004
 2.84856875e+004
 3.32365000e+004
 3.06450625e+004
 3.15276250e+004
 3.63253750e+004
 3.21455625e+004
 3.15927500e+004
 3.53036250e+004
 3.10609375e+004
 3.10342500e+004
 3.46050000e+004
 2.95333125e+004
 2.84892500e+004
 3.16781875e+004
 2.77816250e+004
 2.83906875e+004
 3.30269375e+004
 3.00248125e+004
 3.06810000e+004
 3.67671250e+004
 3.50593750e+004
 3.69925625e+004
 4.34099375e+004
 3.89490000e+004
 3.82925625e+004
 4.20723750e+004
 3.67233125e+004
 3.65848750e+004
 4.02576875e+004
 3.51864375e+004
 3.47036875e+004
 3.83276250e+004
 3.42661250e+004
 3.94900000e+004
 4.46194375e+004
 4.71535000e+004
 5.33573125e+004
 4.93707500e+004
 4.89626250e+004
 4.16403750e+004
 3.45381250e+004
 3.66710625e+004
 3.14759375e+004
 3.18580625e+004
 3.63888125e+004
 3.28603750e+004
 3.33158125e+004
 3.85056875e+004
 3.52722500e+004
 3.62011250e+004
 4.13211875e+004
 3.67758750e+004
 3.64384375e+004
 4.02472500e+004
 3.51036875e+004
 3.49215000e+004
 3.89017500e+004
 3.42369375e+004
 3.42386250e+004
 3.84621250e+004
 3.43483125e+004
 3.45887500e+004
 3.92376250e+004
 3.52486250e+004
 4.00927500e+004
 4.48870000e+004
 4.05006250e+004
 4.46844375e+004
 3.95154375e+004
 3.44199375e+004
 3.77525000e+004
 3.24122500e+004
 3.17443125e+004
 3.52106250e+004
 3.09995625e+004
 3.53986250e+004
 3.99389375e+004
 3.62672500e+004
 4.13325000e+004
 3.81505000e+004
 3.48821875e+004
 4.02488125e+004
 3.61984375e+004
 3.61780625e+004
 4.04446250e+004
 3.55731250e+004
 3.52715000e+004
 3.93788750e+004
 3.47645000e+004
 3.47465000e+004
 3.88774375e+004
 3.40758750e+004
 3.84468125e+004
 4.26472500e+004
 3.85283750e+004
 4.23980625e+004
 3.68067500e+004
 3.15525625e+004
 3.49146250e+004
 3.15650625e+004
 3.69319375e+004
 4.21483125e+004
 3.85995000e+004
 4.22483750e+004
 3.79950000e+004
 3.37635625e+004
 3.78745000e+004
 3.44058125e+004
 3.47528750e+004
 3.92807500e+004
 3.57985000e+004
 3.57162500e+004
 3.96121250e+004
 3.50394375e+004
 3.45191250e+004
 3.81441250e+004
 3.39791250e+004
 3.40410000e+004
 3.78569375e+004
 3.38934375e+004
 3.77136875e+004
 4.14146250e+004
 4.19205000e+004
 4.61636875e+004
 4.24563125e+004
 4.23715625e+004
 3.70543750e+004
 3.20360625e+004
 3.45841875e+004
 3.00410625e+004
 3.02484375e+004
 3.39120625e+004
 3.05387500e+004
 3.48338750e+004
 3.89083750e+004
 3.58671250e+004
 4.02557500e+004
 3.65456250e+004
 3.29570625e+004
 3.61805625e+004
 3.15155000e+004
 3.08375000e+004
 3.24726875e+004
 2.75816875e+004
 2.68979375e+004
 2.70875625e+004
 2.80381875e+004
 3.20259375e+004
 3.56416875e+004
 4.01516875e+004
 3.62855625e+004
 3.67498750e+004
 3.73600000e+004
 3.37180625e+004
 3.91751250e+004
 3.62723750e+004
 3.33668125e+004
 3.68991250e+004
 3.26316875e+004
 3.27698750e+004
 3.68365625e+004
 3.30101250e+004
 3.70443125e+004
 4.07229375e+004
 3.98911875e+004
 4.29886875e+004
 4.26163750e+004
 4.24020000e+004
 3.93749375e+004
 4.06413750e+004
 3.72026875e+004
 3.39400625e+004
 3.83208125e+004
 3.42153125e+004
 3.44656875e+004
 3.87601875e+004
 3.45429375e+004
 3.45817500e+004
 3.90476875e+004
 3.49845625e+004
 3.50668750e+004
 4.03765000e+004
 3.64695625e+004
 3.67737500e+004
 4.15413125e+004
 3.57292500e+004
 3.46627500e+004
 3.80057500e+004
 3.27085000e+004
 3.26552500e+004
 3.69921250e+004
 3.28450000e+004
 3.29771875e+004
 3.76112500e+004
 3.34876875e+004
 3.34831875e+004
 3.78005000e+004
 3.35275000e+004
 3.34975625e+004
 3.88888125e+004
 3.56078125e+004
 3.61941875e+004
 4.08481875e+004
 3.46230625e+004
 3.25791875e+004
 3.45548750e+004
 2.84775000e+004
 3.23226250e+004
 3.64810000e+004
 3.31423125e+004
 3.86895625e+004
 3.53158125e+004
 3.16676250e+004
 3.55848750e+004
 2.98556250e+004
 2.86566250e+004
 3.15101250e+004
 2.69011250e+004
 2.71755625e+004
 3.12440000e+004
 2.76232500e+004
 2.76875000e+004
 3.15481250e+004
 2.79091875e+004
 3.15529375e+004
 3.53666875e+004
 3.59171250e+004
 4.02945625e+004
 3.77978125e+004
 3.93245000e+004
 3.58422500e+004
 3.20241875e+004
 3.65203750e+004
 3.24345000e+004
 3.28913125e+004
 3.72173750e+004
 3.15469375e+004
 3.03737500e+004
 3.42633750e+004
 3.08630000e+004
 3.24189375e+004
 3.76358125e+004
 3.24361875e+004
 3.08515000e+004
 3.34187500e+004
 2.82523125e+004
 2.82886875e+004
 3.18945625e+004
 2.72937500e+004
 2.65997500e+004
 2.96784375e+004
 2.55999375e+004
 2.57526250e+004
 2.98494375e+004
 2.64950000e+004
 2.67457500e+004
 3.05792500e+004
 2.66458125e+004
 2.64804375e+004
 3.02466875e+004
 2.66922500e+004
 2.71701875e+004
 3.18016250e+004
 2.86095625e+004
 2.91082500e+004
 3.41171875e+004
 3.07436250e+004
 3.11526875e+004
 3.61735625e+004
 3.17456250e+004
 3.14028125e+004
 3.46726250e+004
 2.86333750e+004
 2.73625625e+004
 2.99328750e+004
 2.55855625e+004
 2.58666875e+004
 2.97426875e+004
 2.62903125e+004
 2.62828125e+004
 3.01108750e+004
 2.68669375e+004
 2.72870000e+004
 3.17083750e+004
 2.86218125e+004
 2.90180625e+004
 3.29860625e+004
 2.88773750e+004
 2.84998750e+004
 3.19421250e+004
 2.80872500e+004
 2.82844375e+004
 3.18948125e+004
 2.79406875e+004
 2.76175000e+004
 3.12299375e+004
 2.78785625e+004
 2.82021875e+004
 3.11839375e+004
 2.63172500e+004
 2.50333750e+004
 2.58919375e+004
 2.15693125e+004
 2.10853750e+004
 2.16427500e+004
 1.83282500e+004
 2.30935625e+004
 2.77590625e+004
 3.00484375e+004
 3.71518750e+004
 3.29928750e+004
 2.90884375e+004
 2.89925625e+004
 2.26537500e+004
 2.20774375e+004
 2.39938750e+004
 2.10595625e+004
 2.14549375e+004
 2.45859375e+004
 2.27016875e+004
 2.32158750e+004
 2.62813125e+004
 2.40599375e+004
 2.43826875e+004
 2.86595625e+004
 2.76171250e+004
 2.88460625e+004
 3.30567500e+004
 2.91740625e+004
 2.80657500e+004
 3.09811250e+004
 2.74927500e+004
 2.80273750e+004
 3.17441250e+004
 2.80401875e+004
 2.77498750e+004
 3.08792500e+004
 2.76865625e+004
 2.83166875e+004
 3.32175000e+004
 3.17687500e+004
 3.34270625e+004
 3.85412500e+004
 3.50001250e+004
 3.75345000e+004
 4.00175625e+004
 3.85111875e+004
 4.13748750e+004
 4.12054375e+004
 4.10155000e+004
 4.10945000e+004
 4.13775625e+004
 4.15611250e+004
 4.20818125e+004
 4.37396875e+004
 4.49133750e+004
 4.60903125e+004
 4.66429375e+004
 4.51250000e+004
 4.42111250e+004
 4.36728125e+004
 4.35131250e+004
 4.51808750e+004
 4.61881250e+004
 4.69030625e+004
 4.76725000e+004
 4.69863750e+004
 4.65139375e+004
 4.57995000e+004
 4.47395625e+004
 4.47185625e+004
 4.46777500e+004
 4.49288750e+004
 4.55210625e+004
 4.22258750e+004
 4.32620625e+004
 4.08782500e+004
 3.84223750e+004
 4.33813125e+004
 3.99844375e+004
 4.00836875e+004
 4.37095000e+004
 4.22996250e+004
 4.49719375e+004
 5.05114375e+004
 4.91232500e+004
 4.98566875e+004
 5.06819375e+004
 4.55755000e+004
 4.76144375e+004
 4.47982500e+004
 4.45578750e+004
 4.68897500e+004
 4.45100000e+004
 4.60854375e+004
 4.53439375e+004
 4.49743125e+004
 4.58880000e+004
 4.66296875e+004
 4.69358750e+004
 4.72622500e+004
 4.70475625e+004
 4.69454375e+004
 4.73624375e+004
 4.77555625e+004
 4.50390625e+004
 4.63522500e+004
 4.37315625e+004
 4.08573750e+004
 4.46896250e+004
 4.21767500e+004
 4.66870000e+004
 5.17148750e+004
 4.99090000e+004
 5.31023125e+004
 4.90715625e+004
 4.74815000e+004
 4.91856875e+004
 4.36430625e+004
 4.55364375e+004
 4.15151875e+004
 4.04831250e+004
 4.38375000e+004
 4.34423125e+004
 4.62205625e+004
 4.66505000e+004
 4.72030000e+004
 4.72386250e+004
 4.73738125e+004
 4.36873125e+004
 4.43661250e+004
 4.25100625e+004
 4.36008125e+004
 4.78821875e+004
 4.36177500e+004
 4.64243750e+004
 4.30367500e+004
 4.27732500e+004
 4.66985000e+004
 4.50901250e+004
 4.96901250e+004
 4.83647500e+004
 5.08241875e+004
 5.24876250e+004
 5.10323125e+004
 5.23857500e+004
 4.92221250e+004
 4.83191875e+004
 4.77648750e+004
 4.74496250e+004
 4.82905625e+004
 4.90815625e+004
 5.02519375e+004
 5.10659375e+004
 5.09308125e+004
 5.07432500e+004
 4.88650000e+004
 4.73335000e+004
 4.35088125e+004
 4.38251875e+004
 4.22166250e+004
 4.26037500e+004
 4.58261875e+004
 4.34663750e+004
 4.42560000e+004
 4.20593750e+004
 4.45446250e+004
 4.64359375e+004
 5.00111875e+004
 5.49595000e+004
 5.01851250e+004
 4.72804375e+004
 4.30361250e+004
 3.61988125e+004
 3.70607500e+004
 3.83817500e+004
 3.61512500e+004
 3.87948750e+004
 3.60607500e+004
 3.57325625e+004
 3.82724375e+004
 3.78385000e+004
 4.00816875e+004
 4.00441250e+004
 4.02775000e+004
 4.07611250e+004
 4.13403125e+004
 4.15169375e+004
 4.15261875e+004
 4.17771875e+004
 4.21131250e+004
 4.00205000e+004
 4.09588125e+004
 3.85781875e+004
 3.83683125e+004
 4.06545000e+004
 3.97268125e+004
 4.44122500e+004
 4.81423750e+004
 5.21199375e+004
 5.71668125e+004
 5.72023750e+004
 5.50277500e+004
 5.26639375e+004
 4.90430625e+004
 4.76852500e+004
 4.75027500e+004
 4.72918125e+004
 4.42407500e+004
 4.48453750e+004
 4.17543750e+004
 4.14833125e+004
 4.41939375e+004
 4.27750000e+004
 4.48866875e+004
 4.47257500e+004
 4.53653750e+004
 4.37192500e+004
 4.57631875e+004
 4.40766875e+004
 4.15609375e+004
 4.52888750e+004
 4.11238125e+004
 4.29455625e+004
 4.48932500e+004
 4.00500625e+004
 4.24126250e+004
 4.22443750e+004
 4.20288125e+004
 4.82631250e+004
 4.80411250e+004
 4.69111875e+004
 4.59716250e+004
 4.17155000e+004
 4.08031875e+004
 4.10724375e+004
 4.14924375e+004
 4.24967500e+004
 4.33309375e+004
 4.35985000e+004
 4.36664375e+004
 4.32047500e+004
 4.28945000e+004
 4.29518750e+004
 4.30973750e+004
 4.08644375e+004
 4.22686875e+004
 4.01055625e+004
 4.09416875e+004
 4.42888750e+004
 4.04482500e+004
 4.34866250e+004
 4.05536875e+004
 3.78334375e+004
 4.16464375e+004
 4.00012500e+004
 4.40427500e+004
 4.79151250e+004
 4.86990000e+004
 4.94593750e+004
 4.70551250e+004
 4.46455625e+004
 4.23610000e+004
 4.20310625e+004
 4.25578125e+004
 4.33203125e+004
 4.42086250e+004
 4.50187500e+004
 4.51198750e+004
 4.49471875e+004
 4.43980625e+004
 4.40408750e+004
 4.47690000e+004
 4.58616875e+004
 4.43413750e+004
 4.60961875e+004
 4.35700625e+004
 4.35131250e+004
 4.58353125e+004
 4.38566250e+004
 4.52427500e+004
 4.39320625e+004
 4.29410625e+004
 3.98256250e+004
 3.99171250e+004
 3.97796875e+004
 3.97166875e+004
 4.64829375e+004
 4.68518750e+004
 4.72623750e+004
 4.77446250e+004
 4.04523750e+004
 4.03006250e+004
 3.75139375e+004
 3.88083750e+004
 4.40086250e+004
 4.15925625e+004
 4.55849375e+004
 4.13661875e+004
 3.71810625e+004
 4.05081250e+004
 3.65734375e+004
 3.96642500e+004
 4.26697500e+004
 3.81693125e+004
 4.10653125e+004
 3.81234375e+004
 3.51706250e+004
 3.91483125e+004
 3.57861250e+004
 3.80978125e+004
 4.08112500e+004
 3.72913125e+004
 4.09969375e+004
 3.92678750e+004
 4.00926250e+004
 4.38998750e+004
 4.05115625e+004
 4.27728750e+004
 3.88780000e+004
 3.70343750e+004
 3.85220625e+004
 3.55387500e+004
 3.60182500e+004
 3.41828750e+004
 3.28331250e+004
 3.63630625e+004
 3.96460625e+004
 4.36276250e+004
 4.73250000e+004
 4.42268750e+004
 4.07616875e+004
 3.66921875e+004
 3.23570000e+004
 3.13298125e+004
 3.07370000e+004
 3.03147500e+004
 3.01688750e+004
 3.01585625e+004
 3.01112500e+004
 3.00688125e+004
 3.01400625e+004
 3.02425000e+004
 3.25482500e+004
 3.29760625e+004
 3.55257500e+004
 3.59560625e+004
 3.42388125e+004
 3.43371250e+004
 3.18874375e+004
 3.14702500e+004
 3.07317500e+004
 3.02739375e+004
 3.04295625e+004
 3.05541875e+004
 3.10829375e+004
 3.13623125e+004
 3.12369375e+004
 3.12982500e+004
 3.23923750e+004
 3.36708750e+004
 3.60368125e+004
 3.82110625e+004
 3.84045000e+004
 3.85600625e+004
 3.76184375e+004
 3.67503125e+004
 3.68948750e+004
 3.70270625e+004
 3.71458125e+004
 3.73358750e+004
 3.75351250e+004
 3.78578125e+004
 3.88666250e+004
 3.95519375e+004
 3.96703125e+004
 3.93645000e+004
 3.82198125e+004
 3.73910000e+004
 3.68886875e+004
 3.68544375e+004
 3.71511250e+004
 3.73899375e+004
 3.86395625e+004
 3.97317500e+004
 4.09846875e+004
 4.22376250e+004
 4.22855000e+004
 4.21651250e+004
 4.24958125e+004
 4.29625625e+004
 4.05556250e+004
 4.19592500e+004
 3.90995000e+004
 3.59568125e+004
 3.93553125e+004
 3.53562500e+004
 3.49162500e+004
 3.77633125e+004
 3.35176875e+004
 3.54963750e+004
 3.73620000e+004
 3.66641875e+004
 3.95994375e+004
 3.72615000e+004
 3.82722500e+004
 3.46480625e+004
 3.10114375e+004
 3.35191250e+004
 2.96164375e+004
 2.96809375e+004
 3.28469375e+004
 2.93511250e+004
 2.91516250e+004
 3.21849375e+004
 2.92678125e+004
 2.96468125e+004
 3.29865625e+004
 3.01766250e+004
 3.02245625e+004
 3.31026250e+004
 3.03206875e+004
 3.40503750e+004
 3.81408125e+004
 3.67866250e+004
 4.09103750e+004
 3.81836250e+004
 3.74070000e+004
 3.92696250e+004
 3.82415625e+004
 4.06961250e+004
 4.17635625e+004
 4.27592500e+004
 4.32803750e+004
 4.35261875e+004
 4.17180000e+004
 4.05328125e+004
 4.09799375e+004
 4.22765000e+004
 4.57256875e+004
 4.90418125e+004
 5.17150000e+004
 5.50515000e+004
 5.51095000e+004
 5.73756250e+004
 5.72803750e+004
 5.62163125e+004
 5.73190625e+004
 5.54365000e+004
 5.44133125e+004
 5.38638750e+004
 5.46411875e+004
 5.52142500e+004
 5.86761875e+004
 6.02685625e+004
 6.16215625e+004
 6.15011250e+004
 6.04026250e+004
 5.95358125e+004
 5.83203750e+004
 6.04006250e+004
 6.08590625e+004
 6.26059375e+004
 6.24594375e+004
 6.16448750e+004
 6.11496875e+004
 6.02340625e+004
 6.11985625e+004
 6.09069375e+004
 6.14816875e+004
 6.20820625e+004
 6.16390625e+004
 6.16630000e+004
 6.13278125e+004
 6.12607500e+004
 6.07252500e+004
 6.32230625e+004
 6.39326875e+004
 6.42460000e+004
 6.48713125e+004
 6.06191875e+004
 5.78150000e+004
 5.48065000e+004
 5.21310625e+004
 5.07560625e+004
 4.86526875e+004
 4.85995000e+004
 4.94957500e+004
 5.04514375e+004
 5.29215625e+004
 5.09171250e+004
 4.72136875e+004
 4.45786250e+004
 4.14456875e+004
 4.04412500e+004
 4.12976250e+004
 4.14791875e+004
 4.27797500e+004
 4.30475000e+004
 4.36696250e+004
 4.42182500e+004
 4.25643750e+004
 4.45685625e+004
 4.31515000e+004
 4.26627500e+004
 4.28735000e+004
 4.04508750e+004
 4.02795000e+004
 3.97966250e+004
 3.98841875e+004
 4.05101875e+004
 4.10181875e+004
 4.11344375e+004
 4.09369375e+004
 4.07135000e+004
 4.04711250e+004
 3.97420000e+004
 4.16331875e+004
 4.14811875e+004
 4.37795625e+004
 4.52661250e+004
 4.41032500e+004
 4.48658125e+004
 4.33148125e+004
 4.29781250e+004
 4.26561250e+004
 4.40225000e+004
 4.31743750e+004
 4.48823750e+004
 4.55004375e+004
 4.46636875e+004
 4.84467500e+004
 4.76966875e+004
 4.99706875e+004
 5.05308750e+004
 4.84509375e+004
 4.83049375e+004
 4.56434375e+004
 4.41773125e+004
 4.21877500e+004
 4.04948125e+004
 3.96796875e+004
 4.10580000e+004
 4.27688750e+004
 4.41931250e+004
 4.52435000e+004
 4.42933750e+004
 4.23257500e+004
 4.28817500e+004
 4.13935625e+004
 4.03006875e+004
 4.08266250e+004
 3.88194375e+004
 3.92278125e+004
 4.00103125e+004
 4.04917500e+004
 4.10253750e+004
 4.31393750e+004
 4.22331875e+004
 4.39435625e+004
 4.40669375e+004
 4.27266250e+004
 4.53140000e+004
 4.27084375e+004
 4.37725000e+004
 4.36297500e+004
 4.02914375e+004
 4.21730000e+004
 3.99429375e+004
 3.97280625e+004
 4.12755000e+004
 3.97409375e+004
 4.05936250e+004
 4.05320000e+004
 4.20543750e+004
 4.21198125e+004
 4.46843750e+004
 4.43636250e+004
 4.28097500e+004
 4.30774375e+004
 4.01444375e+004
 3.98735000e+004
 3.91271875e+004
 3.84815625e+004
 3.78858750e+004
 3.73846875e+004
 3.71746250e+004
 3.71034375e+004
 3.77704375e+004
 3.83701875e+004
 3.87801250e+004
 3.90775000e+004
 3.93620000e+004
 3.97778750e+004
 4.00251875e+004
 4.02660625e+004
 4.04866250e+004
 4.03896250e+004
 4.01849375e+004
 4.00573750e+004
 3.91016875e+004
 3.85427500e+004
 3.89029375e+004
 4.02769375e+004
 4.17865625e+004
 4.34224375e+004
 4.45036875e+004
 4.35556875e+004
 4.35125000e+004
 4.29346875e+004
 4.15595625e+004
 4.13951875e+004
 4.10533125e+004
 4.24300000e+004
 4.25149375e+004
 4.52305000e+004
 4.55933750e+004
 4.56567500e+004
 4.74654375e+004
 4.53638125e+004
 4.51163125e+004
 4.32988750e+004
 4.15787500e+004
 4.07556875e+004
 4.02628750e+004
 4.02181875e+004
 4.03702500e+004
 4.09436875e+004
 4.14967500e+004
 4.18823750e+004
 4.25905000e+004
 4.31180625e+004
 4.50069375e+004
 4.69269375e+004
 4.98140625e+004
 5.10500000e+004
 5.22742500e+004
 5.24809375e+004
 5.00371250e+004
 5.18755000e+004
 4.96671875e+004
 4.96944375e+004
 5.13951250e+004
 4.84308750e+004
 4.85615625e+004
 4.89187500e+004
 5.26990000e+004
 5.73020000e+004
 6.01451875e+004
 5.88374375e+004
 4.87880625e+004
 4.08307500e+004
 3.50383750e+004
 3.09019375e+004
 3.31456875e+004
 3.40941875e+004
 3.47310625e+004
 3.81313125e+004
 3.85983750e+004
 4.01190000e+004
 3.96120625e+004
 3.69121250e+004
 3.72894375e+004
 3.48958750e+004
 3.52334375e+004
 3.47616875e+004
 3.25808750e+004
 3.24260625e+004
 3.12968750e+004
 3.13556250e+004
 3.12565000e+004
 3.11815625e+004
 3.06328750e+004
 3.14538125e+004
 3.22420000e+004
 3.28583125e+004
 3.36000625e+004
 3.20496250e+004
 3.21251250e+004
 3.26434375e+004
 3.39375625e+004
 3.63436250e+004
 3.69126250e+004
 3.71923125e+004
 3.62963125e+004
 3.53501250e+004
 3.52693750e+004
 3.51368750e+004
 3.53768750e+004
 3.57423125e+004
 3.54568750e+004
 3.66921250e+004
 3.63531250e+004
 3.78957500e+004
 3.76969375e+004
 3.63973750e+004
 3.67183125e+004
 3.50228750e+004
 3.56386250e+004
 3.63546875e+004
 3.73446875e+004
 3.83678125e+004
 4.02065625e+004
 4.05724375e+004
 4.22287500e+004
 4.34941250e+004
 4.26558750e+004
 4.42820000e+004
 4.27474375e+004
 4.17847500e+004
 4.31638750e+004
 4.05600000e+004
 4.18581875e+004
 4.10956250e+004
 3.86829375e+004
 4.01765625e+004
 3.86585000e+004
 4.02804375e+004
 4.24670000e+004
 4.17970625e+004
 4.26365000e+004
 4.11311250e+004
 4.01430625e+004
 4.05068125e+004
 3.91133750e+004
 3.87658750e+004
 3.75397500e+004
 3.66371250e+004
 3.70400000e+004
 3.86620625e+004
 3.93191250e+004
 3.98649375e+004
 4.09200000e+004
 3.97075000e+004
 4.07166875e+004
 4.14823125e+004
 4.05988125e+004
 4.06611875e+004
 3.95321250e+004
 3.87088750e+004
 3.91543750e+004
 3.99176875e+004
 4.10503125e+004
 4.22458125e+004
 4.28670000e+004
 4.32226875e+004
 4.31871875e+004
 4.27801250e+004
 4.26633750e+004
 4.44095625e+004
 4.38913750e+004
 4.58902500e+004
 4.56766875e+004
 4.40036250e+004
 4.62927500e+004
 4.57121250e+004
 4.93660625e+004
 5.23366250e+004
 5.23683750e+004
 5.38581875e+004
 5.10821875e+004
 4.94376875e+004
 4.91925625e+004
 4.81823750e+004
 4.92896875e+004
 4.94813125e+004
 5.09143125e+004
 5.12475625e+004
 5.30246875e+004
 5.44222500e+004
 5.44895625e+004
 5.52955000e+004
 5.31850625e+004
 5.26843125e+004
 5.19133125e+004
 5.10126875e+004
 5.27081250e+004
 5.19300625e+004
 5.22178125e+004
 5.30454375e+004
 5.26702500e+004
 5.37531875e+004
 5.36484375e+004
 5.32264375e+004
 5.27935625e+004
 5.23876250e+004
 5.20178750e+004
 5.19393125e+004
 5.19794375e+004
 5.19655625e+004
 5.23595000e+004
 5.27911250e+004
 5.35625625e+004
 5.42812500e+004
 5.48915625e+004
 5.34680000e+004
 5.20780000e+004
 5.03233125e+004
 4.84816250e+004
 4.98780000e+004
 5.04644375e+004
 5.22696875e+004
 5.47693750e+004
 5.65995625e+004
 5.92723750e+004
 6.12528125e+004
 6.47715000e+004
 6.61576250e+004
 6.56671875e+004
 6.39314375e+004
 5.69164375e+004
 5.08795000e+004
 4.59255000e+004
 4.18332500e+004
 4.11687500e+004
 4.09865000e+004
 4.08363750e+004
 4.07790000e+004
 4.02141875e+004
 3.95552500e+004
 3.93181250e+004
 3.91163750e+004
 3.94642500e+004
 3.98311250e+004
 3.99447500e+004
 4.02269375e+004
 3.97380000e+004
 3.91698125e+004
 3.88554375e+004
 3.85712500e+004
 3.89310000e+004
 3.92866875e+004
 3.94053750e+004
 3.95007500e+004
 3.95968125e+004
 3.97946250e+004
 4.06738125e+004
 4.23906875e+004
 4.46480625e+004
 4.73080625e+004
 4.97310000e+004
 5.09736250e+004
 5.11905000e+004
 5.11593125e+004
 5.06016875e+004
 5.02021250e+004
 4.99096250e+004
 4.90422500e+004
 4.76975000e+004
 4.57400000e+004
 4.36590000e+004
 4.18137500e+004
 4.05923125e+004
 4.01686250e+004
 4.00721250e+004
 4.06035625e+004
 4.10356250e+004
 4.16246875e+004
 4.24050000e+004
 4.24035000e+004
 4.27475000e+004
 4.28379375e+004
 4.28725000e+004
 4.31284375e+004
 4.30385000e+004
 4.30920000e+004
 4.26615000e+004
 4.19425000e+004
 4.13127500e+004
 4.03123125e+004
 3.97268750e+004
 3.96896250e+004
 3.98784375e+004
 4.02174375e+004
 4.05235625e+004
 4.07430625e+004
 4.06969375e+004
 4.06640625e+004
 4.08141250e+004
 4.09866875e+004
 4.13572500e+004
 4.21316875e+004
 4.27997500e+004
 4.37821250e+004
 4.49396875e+004
 4.62783750e+004
 4.82038125e+004
 5.02700625e+004
 5.28760000e+004
 5.48079375e+004
 5.55945625e+004
 5.51743125e+004
 5.30564375e+004
 5.08465625e+004
 4.95843750e+004
 4.86421875e+004
 4.83519375e+004
 4.83536250e+004
 4.78566250e+004
 4.78313750e+004
 4.83402500e+004
 4.87401875e+004
 4.88109375e+004
 4.85763750e+004
 4.75928750e+004
 4.66716250e+004
 4.57561875e+004
 4.50211250e+004
 4.47860000e+004
 4.47676250e+004
 4.52265000e+004
 4.57525000e+004
 4.61876875e+004
 4.62577500e+004
 4.60800000e+004
 4.58085625e+004
 4.55381875e+004
 4.58743750e+004
 4.64113125e+004
 4.69755625e+004
 4.81023750e+004
 4.95764375e+004
 5.05471875e+004
 5.19385000e+004
 5.25316250e+004
 5.13803125e+004
 5.09673750e+004
 4.94769375e+004
 4.83468750e+004
 4.83531875e+004
 4.79908750e+004
 4.79930000e+004
 4.74240625e+004
 4.60023750e+004
 4.43831250e+004
 4.26502500e+004
 4.08775000e+004
 3.97431250e+004
 3.86843125e+004
 3.82287500e+004
 3.83634375e+004
 3.84460000e+004
 3.87152500e+004
 3.86527500e+004
 3.85230000e+004
 3.85494375e+004
 3.84770625e+004
 3.86532500e+004
 3.86866250e+004
 3.85887500e+004
 3.85702500e+004
 3.79113750e+004
 3.76056875e+004
 3.71185625e+004
 3.69433125e+004
 3.74861250e+004
 3.65273125e+004
 3.66008125e+004
 3.49185625e+004
 3.31124375e+004
 3.27161875e+004
 3.11783125e+004
 3.17387500e+004
 3.11460625e+004
 3.18583750e+004
 3.14755000e+004
 3.47575000e+004
 3.92901250e+004
 4.28295000e+004
 4.81960625e+004
 4.65590625e+004
 4.44313125e+004
 4.13169375e+004
 3.78635625e+004
 3.71775000e+004
 3.68851250e+004
 3.79286875e+004
 3.88228750e+004
 3.90338125e+004
 3.90958750e+004
 3.75528750e+004
 3.74434375e+004
 3.66238750e+004
 3.78743125e+004
 3.89501250e+004
 3.94279375e+004
 4.26047500e+004
 4.42195625e+004
 4.65132500e+004
 4.82598750e+004
 4.71100625e+004
 4.46992500e+004
 4.41916250e+004
 4.16324375e+004
 4.25156250e+004
 4.26109375e+004
 4.12831875e+004
 4.15502500e+004
 4.02216250e+004
 4.20398750e+004
 4.20272500e+004
 4.50708125e+004
 4.54303750e+004
 4.49813750e+004
 4.61354375e+004
 4.40141250e+004
 4.42713750e+004
 4.39680625e+004
 4.37418125e+004
 4.37685000e+004
 4.59663750e+004
 4.55682500e+004
 4.69818750e+004
 4.82556875e+004
 4.69080000e+004
 4.99460000e+004
 4.93455000e+004
 5.01184375e+004
 4.94406875e+004
 4.66460625e+004
 4.55533750e+004
 4.33376250e+004
 4.30738125e+004
 4.29813750e+004
 4.44693125e+004
 4.50884375e+004
 4.68942500e+004
 4.83485625e+004
 4.82245000e+004
 4.97807500e+004
 4.86385625e+004
 4.87000000e+004
 4.86286875e+004
 4.59014375e+004
 4.70353750e+004
 4.62490000e+004
 4.63246250e+004
 4.84288125e+004
 4.84656250e+004
 4.97031875e+004
 4.97235625e+004
 5.11993125e+004
 5.07126250e+004
 4.82866250e+004
 4.75574375e+004
 4.48152500e+004
 4.23298750e+004
 4.40161875e+004
 4.30399375e+004
 4.33790625e+004
 4.64518750e+004
 4.58695625e+004
 4.74238750e+004
 4.62072500e+004
 4.46951250e+004
 4.31927500e+004
 4.15115625e+004
 4.18240000e+004
 4.06680000e+004
 4.17251875e+004
 4.18786875e+004
 4.37910000e+004
 4.48828125e+004
 4.53362500e+004
 4.61593750e+004
 4.34776875e+004
 4.35346875e+004
 4.32610000e+004
 4.41330625e+004
 4.67300625e+004
 4.80269375e+004
 4.81404375e+004
 4.67840000e+004
 4.52675000e+004
 4.30475000e+004
 4.17450625e+004
 4.10128750e+004
 4.02655000e+004
 3.97979375e+004
 3.96902500e+004
 3.94441875e+004
 3.94863125e+004
 4.01791875e+004
 4.08476875e+004
 4.14100000e+004
 4.18022500e+004
 4.15075625e+004
 4.12008750e+004
 4.16664375e+004
 4.21970000e+004
 4.24531875e+004
 4.24532500e+004
 4.11157500e+004
 3.96551250e+004
 3.90912500e+004
 3.87598750e+004
 3.90740625e+004
 4.17430625e+004
 4.15226250e+004
 4.38331250e+004
 4.42818750e+004
 4.26082500e+004
 4.33891250e+004
 4.14731875e+004
 4.11208750e+004
 4.04293125e+004
 3.96728750e+004
 3.90753125e+004
 3.87520000e+004
 3.86817500e+004
 3.87060000e+004
 3.84418750e+004
 3.82693125e+004
 3.79690625e+004
 3.76726875e+004
 3.77880000e+004
 3.78568125e+004
 3.75558125e+004
 3.81645625e+004
 3.61696875e+004
 3.68670625e+004
 3.64414375e+004
 3.60920625e+004
 3.83638125e+004
 3.73330000e+004
 3.76670625e+004
 4.00651875e+004
 4.19413750e+004
 4.39986875e+004
 4.61378750e+004
 4.12650625e+004
 3.65666250e+004
 3.18438125e+004
 2.89113125e+004
 2.89212500e+004
 3.13636875e+004
 3.31053750e+004
 3.37633125e+004
 3.50888750e+004
 3.39223125e+004
 3.37891250e+004
 3.26156875e+004
 3.19210625e+004
 3.16686250e+004
 3.14846250e+004
 3.19458750e+004
 3.22831250e+004
 3.26435000e+004
 3.31506250e+004
 3.33190625e+004
 3.32835625e+004
 3.25445000e+004
 3.17635000e+004
 3.11620000e+004
 3.22761875e+004
 3.37276250e+004
 3.51164375e+004
 3.71357500e+004
 3.63399375e+004
 3.70112500e+004
 3.78065625e+004
 3.81900625e+004
 3.98666875e+004
 3.96208750e+004
 3.93071250e+004
 3.85570000e+004
 3.76713750e+004
 3.73768750e+004
 3.69108125e+004
 3.65702500e+004
 3.63114375e+004
 3.55878750e+004
 3.51721875e+004
 3.51573125e+004
 3.55150000e+004
 3.70591250e+004
 3.85465625e+004
 3.94484375e+004
 3.99178750e+004
 3.95261250e+004
 3.89564375e+004
 3.88647500e+004
 3.90100000e+004
 3.91360000e+004
 4.13989375e+004
 4.11526250e+004
 4.32196875e+004
 4.32937500e+004
 4.16588125e+004
 4.22045000e+004
 4.03977500e+004
 4.06116250e+004
 4.01082500e+004
 3.97060000e+004
 3.89526875e+004
 3.83638750e+004
 3.86263750e+004
 3.87856875e+004
 3.87871250e+004
 3.86448750e+004
 3.77363750e+004
 3.70431875e+004
 3.76519375e+004
 3.83964375e+004
 3.92852500e+004
 4.00625000e+004
 3.94290625e+004
 3.88404375e+004
 3.88655000e+004
 3.88741875e+004
 3.90656250e+004
 3.90652500e+004
 3.81666250e+004
 3.73811875e+004
 3.78065000e+004
 3.82396875e+004
 3.87542500e+004
 3.90216250e+004
 3.78672500e+004
 3.70336875e+004
 3.69765000e+004
 3.71380000e+004
 3.75715000e+004
 3.77675000e+004
 3.75442500e+004
 3.72678750e+004
 3.75241875e+004
 3.79000000e+004
 3.80040625e+004
 3.81755625e+004
 3.82411875e+004
 3.84249375e+004
 3.93865000e+004
 4.04696875e+004
 4.12322500e+004
 4.18786250e+004
 4.18743125e+004
 4.17530625e+004
 4.22244375e+004
 4.31157500e+004
 4.45463750e+004
 4.78915625e+004
 5.06107500e+004
 5.28969375e+004
 5.56011875e+004
 5.49966875e+004
 5.54292500e+004
 5.74015625e+004
 5.58220625e+004
 5.83819375e+004
 5.90253750e+004
 5.87196875e+004
 6.26686250e+004
 6.27073125e+004
 6.46093750e+004
 6.57648750e+004
 6.60771250e+004
 6.79927500e+004
 6.91895625e+004
 7.03996875e+004
 7.03582500e+004
 6.94785625e+004
 6.69343125e+004
 6.50451875e+004
 6.30473750e+004
 5.94370625e+004
 5.92241250e+004
 5.58448750e+004
 5.40416875e+004
 5.39570625e+004
 5.13891875e+004
 5.27258125e+004
 5.10143750e+004
 5.24554375e+004
 5.30741875e+004
 5.33168125e+004
 5.54033125e+004
 5.38932500e+004
 5.32881875e+004
 5.09072500e+004
 4.85365000e+004
 4.59748125e+004
 4.40667500e+004
 4.26063125e+004
 4.18194375e+004
 4.15131250e+004
 4.56925000e+004
 4.97244375e+004
 5.48483750e+004
 5.94895000e+004
 5.76370000e+004
 5.66976875e+004
 5.43617500e+004
 5.38986875e+004
 5.32008125e+004
 5.32079375e+004
 5.13586875e+004
 4.90409375e+004
 5.01203750e+004
 4.95284375e+004
 5.31886250e+004
 5.46689375e+004
 5.64535000e+004
 5.72610625e+004
 5.54019375e+004
 5.63026250e+004
 5.43128125e+004
 5.52964375e+004
 5.56790625e+004
 5.52112500e+004
 5.65614375e+004
 5.70553125e+004
 5.76183750e+004
 5.93091875e+004
 5.92217500e+004
 5.89943125e+004
 6.00651250e+004
 5.92209375e+004
 5.97613750e+004
 6.00125625e+004
 6.01393750e+004
 5.98886875e+004
 6.08890000e+004
 5.91084375e+004
 5.74977500e+004
 5.51331875e+004
 5.19906875e+004
 5.15146875e+004
 5.01430000e+004
 5.18392500e+004
 5.06101250e+004
 5.11906250e+004
 5.05111250e+004
 4.81478125e+004
 4.80271875e+004
 4.59336875e+004
 4.44883125e+004
 4.41478125e+004
 4.48960000e+004
 4.36713750e+004
 4.55730000e+004
 4.51560625e+004
 4.44496250e+004
 4.57558750e+004
 4.45199375e+004
 4.53419375e+004
 4.51891250e+004
 4.53010000e+004
 4.59754375e+004
 4.58801250e+004
 4.69876875e+004
 4.92201875e+004
 5.09893125e+004
 5.28580625e+004
 5.16007500e+004
 4.98248125e+004
 4.61331875e+004
 4.29697500e+004
 4.42288750e+004
 4.21442500e+004
 4.37340625e+004
 4.32008750e+004
 4.08510000e+004
 4.13946250e+004
 4.11318125e+004
 4.25375625e+004
 4.32985625e+004
 4.36934375e+004
 4.31554375e+004
 4.22738125e+004
 4.16020625e+004
 4.08848750e+004
 4.00572500e+004
 3.97426875e+004
 3.97861250e+004
 4.00741250e+004
 4.06636250e+004
 4.09943750e+004
 4.08231875e+004
 4.02480000e+004
 3.96238125e+004
 3.89706875e+004
 3.85383750e+004
 3.81520000e+004
 3.76808750e+004
 3.72335625e+004
 3.61975625e+004
 3.74116875e+004
 3.65733125e+004
 3.84225000e+004
 3.90523750e+004
 3.77253750e+004
 3.84222500e+004
 3.59006875e+004
 3.52587500e+004
 3.44798125e+004
 3.38571250e+004
 3.44520000e+004
 3.50500625e+004
 3.61604375e+004
 3.73999375e+004
 3.55585625e+004
 3.62944375e+004
 3.40817500e+004
 3.16115000e+004
 3.40558750e+004
 3.12901250e+004
 3.09475000e+004
 3.35477500e+004
 3.12874375e+004
 3.15098125e+004
 3.43949375e+004
 3.16469375e+004
 3.12132500e+004
 3.30287500e+004
 3.05675625e+004
 3.34316250e+004
 3.65144375e+004
 3.52778125e+004
 3.80274375e+004
 3.57574375e+004
 3.33351875e+004
 3.52559375e+004
 3.17802500e+004
 3.08073750e+004
 3.25916250e+004
 3.00813750e+004
 3.05500625e+004
 3.37005625e+004
 3.15419375e+004
 3.14879375e+004
 3.43007500e+004
 3.16961875e+004
 3.17415625e+004
 3.43778125e+004
 3.15530000e+004
 3.16040000e+004
 3.40333125e+004
 3.14063125e+004
 3.15312500e+004
 3.36015625e+004
 3.09703125e+004
 3.09536250e+004
 3.28278750e+004
 3.05562500e+004
 3.12188125e+004
 3.66254375e+004
 3.79878750e+004
 4.27290000e+004
 4.59808125e+004
 4.06308750e+004
 3.75652500e+004
 3.18867500e+004
 2.87926250e+004
 2.81211875e+004
 2.88773125e+004
 3.09461250e+004
 3.14673750e+004
 3.34374375e+004
 3.35777500e+004
 3.38636250e+004
 3.38029375e+004
 3.38753125e+004
 3.46856875e+004
 3.58472500e+004
 3.81034375e+004
 4.09184375e+004
 4.40609375e+004
 4.83137500e+004
 5.12249375e+004
 5.41771250e+004
 5.53941250e+004
 5.50433750e+004
 5.48396875e+004
 5.40840000e+004
 5.42017500e+004
 5.30740000e+004
 5.30244375e+004
 5.30745000e+004
 5.43306250e+004
 5.79944375e+004
 6.07588750e+004
 6.34685625e+004
 6.44931875e+004
 6.41973750e+004
 6.36191250e+004
 6.18047500e+004
 6.05700000e+004
 5.95528125e+004
 5.89448750e+004
 5.93740625e+004
 5.92656875e+004
 5.88083750e+004
 5.73474375e+004
 5.50690625e+004
 5.30376250e+004
 5.12310625e+004
 4.97242500e+004
 4.93838125e+004
 4.78232500e+004
 4.61392500e+004
 4.60299375e+004
 4.47615625e+004
 4.64235000e+004
 4.64470625e+004
 4.60639375e+004
 4.47271250e+004
 4.19350625e+004
 4.05533125e+004
 3.78730000e+004
 3.67197500e+004
 3.55540000e+004
 3.48983750e+004
 3.53318125e+004
 3.69270625e+004
 3.85151250e+004
 4.01139375e+004
 4.21118750e+004
 4.19980625e+004
 4.15058125e+004
 4.07316250e+004
 3.87485000e+004
 3.79688750e+004
 3.78166875e+004
 3.81475000e+004
 3.89897500e+004
 3.97053125e+004
 4.04083125e+004
 4.07871250e+004
 4.13007500e+004
 4.18698750e+004
 4.19528750e+004
 4.38436250e+004
 4.37932500e+004
 4.53326875e+004
 4.54408750e+004
 4.36887500e+004
 4.37468125e+004
 4.25503750e+004
 4.28560625e+004
 4.28695625e+004
 4.26709375e+004
 4.18484375e+004
 4.08865000e+004
 4.02475000e+004
 3.94881250e+004
 3.80868125e+004
 3.88573125e+004
 3.73698750e+004
 3.86276250e+004
 3.87996250e+004
 3.71343750e+004
 3.77235000e+004
 3.54695000e+004
 3.52666250e+004
 3.50858125e+004
 3.50749375e+004
 3.51122500e+004
 3.52422500e+004
 3.54820625e+004
 3.68980000e+004
 3.97453750e+004
 4.24898125e+004
 4.51965625e+004
 4.64013750e+004
 4.53644375e+004
 4.40416250e+004
 4.27663125e+004
 4.15939375e+004
 4.20833750e+004
 4.40195625e+004
 4.33921875e+004
 4.33962500e+004
 4.24988125e+004
 4.01287500e+004
 4.02820625e+004
 4.03431875e+004
 4.07100000e+004
 3.99266875e+004
 4.13315625e+004
 3.99933125e+004
 3.97712500e+004
 4.09208750e+004
 3.93190000e+004
 4.00010625e+004
 3.93986875e+004
 3.87747500e+004
 3.84496250e+004
 3.79514375e+004
 3.74915625e+004
 3.85231875e+004
 3.93348125e+004
 4.05188125e+004
 4.27621875e+004
 4.28318750e+004
 4.16679375e+004
 4.24909375e+004
 3.99500000e+004
 3.91251250e+004
 4.07814375e+004
 3.78218750e+004
 3.98890000e+004
 3.89773125e+004
 3.77454375e+004
 3.90715000e+004
 3.66256875e+004
 4.09177500e+004
 4.30959375e+004
 4.66379375e+004
 5.01759375e+004
 4.57078125e+004
 4.27281250e+004
 3.83173125e+004
 3.51323750e+004
 3.56002500e+004
 3.61370000e+004
 3.65466250e+004
 3.69843750e+004
 3.65210000e+004
 3.76802500e+004
 3.67730625e+004
 3.78174375e+004
 3.73478125e+004
 3.56023125e+004
 3.60734375e+004
 3.49666875e+004
 3.56586250e+004
 3.54982500e+004
 3.52203125e+004
 3.43403750e+004
 3.40373750e+004
 3.50238750e+004
 3.74045625e+004
 3.82401250e+004
 4.11173750e+004
 4.07546875e+004
 3.96570625e+004
 4.04110000e+004
 3.93393750e+004
 4.10215625e+004
 4.27808125e+004
 4.44981875e+004
 4.49925625e+004
 4.50307500e+004
 4.39876250e+004
 4.32006250e+004
 4.31014375e+004
 4.54315000e+004
 4.82539375e+004
 5.07383750e+004
 5.30735000e+004
 5.09397500e+004
 4.88832500e+004
 4.69956875e+004
 4.51713750e+004
 4.57115625e+004
 4.61737500e+004
 4.65657500e+004
 4.70555000e+004
 4.71744375e+004
 4.69515625e+004
 4.65746875e+004
 4.60171875e+004
 4.55695625e+004
 4.51771875e+004
 4.49091875e+004
 4.48080625e+004
 4.49016875e+004
 4.53578750e+004
 4.57833750e+004
 4.56240000e+004
 4.51173125e+004
 4.41314375e+004
 4.30882500e+004
 4.24231875e+004
 4.19856250e+004
 4.16493750e+004
 4.36161250e+004
 4.33832500e+004
 4.56301250e+004
 4.56570000e+004
 4.39817500e+004
 4.45161875e+004
 4.22867500e+004
 4.23618125e+004
 4.16592500e+004
 4.12285000e+004
 4.11178125e+004
 4.12591250e+004
 4.20166875e+004
 4.25313125e+004
 4.31953125e+004
 4.37826875e+004
 4.39781875e+004
 4.43684375e+004
 4.48721250e+004
 4.50526250e+004
 4.56131250e+004
 4.59022500e+004
 4.50778125e+004
 4.44961250e+004
 4.30331250e+004
 4.18805625e+004
 4.20629375e+004
 4.24828750e+004
 4.33010625e+004
 4.63676875e+004
 4.86904375e+004
 5.08696875e+004
 5.37379375e+004
 5.31432500e+004
 5.18161250e+004
 5.02610625e+004
 4.86022500e+004
 4.65353750e+004
 4.65798750e+004
 4.64270625e+004
 4.47161250e+004
 4.43889375e+004
 4.30178125e+004
 4.18230000e+004
 4.20312500e+004
 4.22483125e+004
 4.16649375e+004
 4.11683125e+004
 4.06203750e+004
 3.99837500e+004
 4.03380625e+004
 4.06609375e+004
 3.99949375e+004
 3.93219375e+004
 3.80185625e+004
 3.67985000e+004
 3.64328750e+004
 3.76983750e+004
 3.94295000e+004
 4.14052500e+004
 4.40033750e+004
 4.39150625e+004
 4.36465000e+004
 4.28717500e+004
 4.03691875e+004
 4.10089375e+004
 3.95978750e+004
 4.11753750e+004
 4.33310000e+004
 4.36995625e+004
 4.63031875e+004
 4.66333125e+004
 4.61930625e+004
 4.54501875e+004
 4.42430000e+004
 4.16034375e+004
 4.01553125e+004
 3.91673750e+004
 3.86219375e+004
 3.90182500e+004
 3.95231250e+004
 3.99411250e+004
 4.02643750e+004
 4.07335000e+004
 4.12219375e+004
 4.09590000e+004
 4.14625625e+004
 4.15109375e+004
 4.36825625e+004
 4.92776250e+004
 5.33133750e+004
 5.71341250e+004
 5.64836250e+004
 4.96461250e+004
 4.35787500e+004
 3.81238125e+004
 3.57742500e+004
 3.61583750e+004
 3.68746250e+004
 3.78778750e+004
 3.82035625e+004
 3.86657500e+004
 4.06120000e+004
 4.15256250e+004
 4.15187500e+004
 4.32908125e+004
 4.12903125e+004
 4.05947500e+004
 4.11799375e+004
 3.96127500e+004
 3.98900000e+004
 3.97235625e+004
 3.80163750e+004
 3.75848750e+004
 3.69749375e+004
 3.57701250e+004
 3.68923125e+004
 3.60983125e+004
 3.77362500e+004
 3.84251250e+004
 3.83199375e+004
 3.98872500e+004
 4.00580000e+004
 4.18203750e+004
 4.39166250e+004
 4.60466875e+004
 4.70428125e+004
 4.80496875e+004
 4.85166250e+004
 4.91247500e+004
 5.05024375e+004
 5.26595625e+004
 5.22328125e+004
 5.33760625e+004
 5.32179375e+004
 5.28503750e+004
 5.57441250e+004
 5.57101875e+004
 5.63371875e+004
 5.57143750e+004
 5.45540625e+004
 5.41561250e+004
 5.42421250e+004
 5.49116250e+004
 5.48104375e+004
 5.53964375e+004
 5.55204375e+004
 5.52731875e+004
 5.51466875e+004
 5.37048125e+004
 5.24642500e+004
 5.11075000e+004
 4.96622500e+004
 4.91937500e+004
 4.86985000e+004
 4.88531875e+004
 4.96146875e+004
 5.01148125e+004
 4.93044375e+004
 4.82700625e+004
 4.52074375e+004
 4.27582500e+004
 4.13987500e+004
 3.99003125e+004
 3.97517500e+004
 3.84263125e+004
 3.71532500e+004
 3.55210625e+004
 3.42148125e+004
 3.39038125e+004
 3.39078125e+004
 3.25605000e+004
 3.31686875e+004
 3.23768750e+004
 3.29961875e+004
 3.53781250e+004
 3.59431250e+004
 3.65139375e+004
 3.53213750e+004
 3.42375625e+004
 3.29229375e+004
 3.30393125e+004
 3.39951875e+004
 3.58056875e+004
 3.68116875e+004
 3.91856875e+004
 4.06775000e+004
 4.05353125e+004
 4.26245000e+004
 4.20848750e+004
 4.17862500e+004
 4.19723750e+004
 4.06971875e+004
 3.92452500e+004
 3.82453125e+004
 3.73450000e+004
 3.60983125e+004
 3.58636250e+004
 3.52462500e+004
 3.46540625e+004
 3.47631875e+004
 3.50954375e+004
 3.54943125e+004
 3.78286250e+004
 3.80384375e+004
 4.01277500e+004
 4.00433125e+004
 3.79535625e+004
 3.76366250e+004
 3.51160000e+004
 3.46423750e+004
 3.42364375e+004
 3.40547500e+004
 3.40860000e+004
 3.41846250e+004
 3.50583750e+004
 3.56833125e+004
 3.58725625e+004
 3.60095625e+004
 3.49675625e+004
 3.42383750e+004
 3.44719375e+004
 3.48836250e+004
 3.59288125e+004
 3.69742500e+004
 3.72653750e+004
 3.76016250e+004
 3.82670000e+004
 3.92126875e+004
 4.07026250e+004
 4.25395000e+004
 4.43925000e+004
 4.76945625e+004
 4.90981875e+004
 5.30940000e+004
 5.50099375e+004
 5.60680625e+004
 5.93809375e+004
 5.91507500e+004
 6.09265625e+004
 6.18298125e+004
 6.21510625e+004
 6.28829375e+004
 6.28551250e+004
 6.18559375e+004
 6.02510000e+004
 5.76911250e+004
 5.42380625e+004
 4.87068125e+004
 4.66843750e+004
 4.28913125e+004
 4.05113125e+004
 4.08061875e+004
 3.40116875e+004
 2.97585625e+004
 2.51650625e+004
 2.06848125e+004
 2.04153125e+004
 2.05315000e+004
 2.10274375e+004
 2.24873125e+004
 2.36237500e+004
 2.45569375e+004
 2.56336250e+004
 2.51471875e+004
 2.52631250e+004
 2.53059375e+004
 2.47190000e+004
 2.47705625e+004
 2.43098125e+004
 2.39515000e+004
 2.36787500e+004
 2.35603750e+004
 2.35281250e+004
 2.40790000e+004
 2.38361250e+004
 2.46523750e+004
 2.49314375e+004
 2.48285000e+004
 2.63575000e+004
 2.70229375e+004
 2.93976875e+004
 3.20771250e+004
 3.37740625e+004
 3.57688125e+004
 3.50975000e+004
 3.41613750e+004
 3.35725000e+004
 3.22606250e+004
 3.31693125e+004
 3.41231875e+004
 3.50031250e+004
 3.61373750e+004
 3.57039375e+004
 3.47066875e+004
 3.39127500e+004
 3.27883125e+004
 3.26011250e+004
 3.28236250e+004
 3.34524375e+004
 3.40240000e+004
 3.51368125e+004
 3.47911250e+004
 3.45761250e+004
 3.36985625e+004
 3.28339375e+004
 3.32588750e+004
 3.31083125e+004
 3.41178125e+004
 3.45053125e+004
 3.53242500e+004
 3.61908750e+004
 3.77130625e+004
 3.86313125e+004
 4.05363750e+004
 4.21795625e+004
 4.37463125e+004
 4.69204375e+004
 4.86840625e+004
 5.12221250e+004
 5.29533750e+004
 5.37063750e+004
 5.47615625e+004
 5.51782500e+004
 5.60793750e+004
 5.77903750e+004
 6.18797500e+004
 6.62618125e+004
 7.03613750e+004
 7.37086250e+004
 7.25130625e+004
 7.14830625e+004
 7.07864375e+004
 7.09322500e+004
 7.33585625e+004
 7.57956250e+004
 7.79103750e+004
 7.83576250e+004
 7.80254375e+004
 7.65183125e+004
 7.44583750e+004
 7.28073750e+004
 7.14707500e+004
 7.07559375e+004
 7.02410000e+004
 6.99270000e+004
 6.96726875e+004
 6.89988750e+004
 6.84360000e+004
 6.73795625e+004
 6.56380625e+004
 6.34917500e+004
 5.99278750e+004
 5.59258125e+004
 5.09096875e+004
 4.69555625e+004
 4.36550625e+004
 4.18446875e+004
 4.15928750e+004
 4.09826250e+004
 4.09358125e+004
 4.01675000e+004
 3.93861250e+004
 3.85348125e+004
 3.78880625e+004
 3.74640625e+004
 3.84491250e+004
 3.86372500e+004
 4.03470625e+004
 4.11358125e+004
 4.09058750e+004
 4.18858125e+004
 4.13300000e+004
 4.18819375e+004
 4.21312500e+004
 4.27209375e+004
 4.28490625e+004
 4.39691250e+004
 4.46180625e+004
 4.47885625e+004
 4.56305625e+004
 4.42359375e+004
 4.39884375e+004
 4.37588750e+004
 4.28198750e+004
 4.40031875e+004
 4.37830625e+004
 4.39950625e+004
 4.48161875e+004
 4.44418750e+004
 4.49714375e+004
 4.46543125e+004
 4.47815000e+004
 4.43516875e+004
 4.45508125e+004
 4.48003125e+004
 4.50963750e+004
 4.58952500e+004
 4.55160625e+004
 4.58434375e+004
 4.42443750e+004
 4.38910625e+004
 4.31714375e+004
 4.20744375e+004
 4.22928750e+004
 4.09830000e+004
 4.06924375e+004
 3.97990000e+004
 4.12893125e+004
 4.67389375e+004
 5.26919375e+004
 6.11802500e+004
 6.60426875e+004
 6.53056875e+004
 6.37276250e+004
 6.03878125e+004
 5.83818125e+004
 5.90024375e+004
 5.98414375e+004
 6.07099375e+004
 6.18528125e+004
 6.25878750e+004
 6.36676250e+004
 6.46033750e+004
 6.56915625e+004
 6.73798125e+004
 6.90866875e+004
 7.10991875e+004
 7.37470000e+004
 7.51670625e+004
 7.64133125e+004
 7.73599375e+004
 7.77004375e+004
 7.79994375e+004
 7.77839375e+004
 7.69440625e+004
 7.43165625e+004
 7.15450625e+004
 6.84625625e+004
 6.44080000e+004
 6.03215000e+004
 5.82815625e+004
 5.56311875e+004
 5.53638125e+004
 5.58357500e+004
 5.43206250e+004
 5.36181875e+004
 5.15222500e+004
 4.98806875e+004
 4.88022500e+004
 4.79753750e+004
 4.81503750e+004
 4.86768750e+004
 4.96798750e+004
 5.11315625e+004
 5.26431875e+004
 5.42720000e+004
 5.56951875e+004
 5.70600000e+004
 5.77217500e+004
 5.82359375e+004
 5.85515000e+004
 5.87062500e+004
 5.87621875e+004
 6.03650625e+004
 6.16989375e+004
 6.29996250e+004
 6.49915625e+004
 6.35728750e+004
 6.24814375e+004
 6.09655625e+004
 5.85031875e+004
 5.70079375e+004
 5.50221250e+004
 5.25271875e+004
 4.97573125e+004
 4.71425625e+004
 4.44843125e+004
 4.22688125e+004
 4.06059375e+004
 3.93003750e+004
 3.85025625e+004
 3.81178125e+004
 3.80971875e+004
 3.84743125e+004
 3.93530000e+004
 4.02551250e+004
 4.14799375e+004
 4.24019375e+004
 4.23209375e+004
 4.20716875e+004
 4.07750625e+004
 4.02692500e+004
 4.03021250e+004
 4.20541250e+004
 4.41401875e+004
 4.65911875e+004
 4.82727500e+004
 4.68789375e+004
 4.69408125e+004
 4.40330625e+004
 4.28348125e+004
 4.27049375e+004
 4.05027500e+004
 4.00638125e+004
 3.83163750e+004
 3.69108750e+004
 3.66333125e+004
 3.65790000e+004
 3.69928125e+004
 3.76234375e+004
 3.82465625e+004
 3.86571250e+004
 3.90001875e+004
 3.89753125e+004
 3.91270625e+004
 3.94733750e+004
 3.97207500e+004
 3.99429375e+004
 3.85053750e+004
 3.66586250e+004
 3.43528125e+004
 3.23464375e+004
 3.22957500e+004
 3.26871875e+004
 3.36755625e+004
 3.44713750e+004
 3.43462500e+004
 3.40535625e+004
 3.41796875e+004
 3.43600625e+004
 3.18767500e+004
 3.35590000e+004
 3.14725000e+004
 2.91890000e+004
 3.24118125e+004
 2.72506250e+004
 2.54010625e+004
 2.62487500e+004
 2.16617500e+004
 2.14493750e+004
 2.31152500e+004
 1.99110000e+004
 1.93315000e+004
 2.02396250e+004
 1.69975000e+004
 1.60600625e+004
 1.70358750e+004
 1.47271250e+004
 1.46427500e+004
 1.62092500e+004
 1.43245625e+004
 1.40675000e+004
 1.63011250e+004
 1.54772500e+004
 1.62356250e+004
 1.87593750e+004
 1.62058750e+004
 1.52360000e+004
 1.57027500e+004
 1.28526250e+004
 1.24874375e+004
 1.30166875e+004
 1.07798750e+004
 1.01640625e+004
 1.07426875e+004
 9.35875000e+003
 9.46362500e+003
 9.78075000e+003
 1.38352500e+004
 1.90681250e+004
 2.44810625e+004
 3.21658750e+004
 2.90797500e+004
 2.58320000e+004
 2.51122500e+004
 1.94753750e+004
 1.99142500e+004
 2.30093125e+004
 2.06185625e+004
 2.06231250e+004
 2.44843750e+004
 2.29936875e+004
 2.41733125e+004
 2.85385625e+004
 2.47380000e+004
 2.35901250e+004
 2.60374375e+004
 2.22161250e+004
 2.24785000e+004
 2.56366875e+004
 2.16780000e+004
 2.07940000e+004
 2.28836250e+004
 1.91583125e+004
 1.90157500e+004
 2.32740625e+004
 2.16980000e+004
 2.32265000e+004
 3.04113125e+004
 2.87708125e+004
 2.99400625e+004
 3.55091250e+004
 2.97042500e+004
 2.85030000e+004
 3.06700625e+004
 2.37426250e+004
 2.26419375e+004
 2.44918750e+004
 1.99251875e+004
 1.98870000e+004
 2.36021250e+004
 2.11722500e+004
 2.18199375e+004
 2.50649375e+004
 2.04456250e+004
 1.87971250e+004
 2.04210000e+004
 1.67525000e+004
 1.70201250e+004
 2.05923750e+004
 1.78455000e+004
 1.79439375e+004
 2.21958750e+004
 2.02734375e+004
 2.13990625e+004
 2.55242500e+004
 2.15635625e+004
 2.04451875e+004
 2.29996250e+004
 1.93296250e+004
 1.96534375e+004
 2.43031875e+004
 2.17782500e+004
 2.22810000e+004
 2.58100000e+004
 2.10698125e+004
 2.00080000e+004
 2.32856875e+004
 2.05686250e+004
 2.18906875e+004
 2.55640000e+004
 2.07146875e+004
 1.88839375e+004
 2.04874375e+004
 1.72369375e+004
 1.84801250e+004
 2.31640000e+004
 2.13148125e+004
 2.19655000e+004
 2.55296250e+004
 2.23296250e+004
 2.21856250e+004
 2.43969375e+004
 2.02981875e+004
 1.94023750e+004
 2.13956250e+004
 1.84666875e+004
 1.86656250e+004
 2.22114375e+004
 2.01614375e+004
 2.05079375e+004
 2.37785625e+004
 2.06003125e+004
 2.01981250e+004
 2.45652500e+004
 2.30178750e+004
 2.44680625e+004
 2.93435000e+004
 2.46955625e+004
 2.30183125e+004
 2.35890000e+004
 1.72470000e+004
 1.58133125e+004
 1.65851875e+004
 1.32188125e+004
 1.33573125e+004
 1.51659375e+004
 1.26343125e+004
 1.21890625e+004
 1.34200000e+004
 1.20813750e+004
 1.41711250e+004
 2.23378125e+004
 2.80465000e+004
 3.45265625e+004
 4.40743125e+004
 4.22539375e+004
 4.10776875e+004
 4.33816875e+004
 3.65776875e+004
 3.49693750e+004
 3.70000000e+004
 3.19417500e+004
 3.15921250e+004
 3.54392500e+004
 3.23323750e+004
 3.29091250e+004
 3.90671250e+004
 3.68683750e+004
 3.78682500e+004
 4.23877500e+004
 3.57705000e+004
 3.32994375e+004
 3.43865000e+004
 2.80563125e+004
 2.72916875e+004
 3.00306250e+004
 2.59511250e+004
 2.56679375e+004
 2.94575625e+004
 2.62388750e+004
 2.64536250e+004
 3.03041875e+004
 2.60328125e+004
 2.53015000e+004
 2.77151250e+004
 2.29768125e+004
 2.23561875e+004
 2.48915000e+004
 2.13321875e+004
 2.13551250e+004
 2.39081875e+004
 2.03357500e+004
 1.98075625e+004
 2.17661250e+004
 1.87502500e+004
 1.87947500e+004
 1.92561250e+004
 2.06460000e+004
 2.44151250e+004
 2.80820625e+004
 3.33131875e+004
 2.93041875e+004
 2.54550000e+004
 2.52963750e+004
 2.07368125e+004
 2.20171250e+004
 2.72133125e+004
 2.53208125e+004
 2.59063125e+004
 3.07874375e+004
 2.77861875e+004
 2.82887500e+004
 3.25800000e+004
 2.83873750e+004
 2.79928125e+004
 3.16193750e+004
 2.74957500e+004
 2.74540625e+004
 3.16681250e+004
 2.77188750e+004
 2.76511250e+004
 3.22900000e+004
 2.87476250e+004
 2.94817500e+004
 3.55717500e+004
 3.26042500e+004
 3.35925000e+004
 3.83176250e+004
 3.25146875e+004
 3.12078750e+004
 3.56735000e+004
 3.23456875e+004
 3.41493750e+004
 4.08746875e+004
 3.62310625e+004
 3.55399375e+004
 3.99720625e+004
 3.45147500e+004
 3.47567500e+004
 3.97734375e+004
 3.47394375e+004
 3.45430000e+004
 3.89416250e+004
 3.36874375e+004
 3.33820625e+004
 3.80959375e+004
 3.34270625e+004
 3.34010000e+004
 3.79391250e+004
 3.25740625e+004
 3.20465000e+004
 3.74590625e+004
 3.37748750e+004
 3.51463125e+004
 4.10591875e+004
 3.55310625e+004
 3.46285000e+004
 3.87081875e+004
 3.36086875e+004
 3.42763750e+004
 3.99777500e+004
 3.57864375e+004
 3.61480000e+004
 4.20127500e+004
 3.77570000e+004
 3.81106250e+004
 4.31355625e+004
 3.69215625e+004
 3.56458125e+004
 3.95406875e+004
 3.39340625e+004
 3.39556250e+004
 3.91992500e+004
 3.45725625e+004
 3.48204375e+004
 4.00386250e+004
 3.51348750e+004
 3.52184375e+004
 4.05620625e+004
 3.62128125e+004
 3.68683125e+004
 4.30160625e+004
 3.86056250e+004
 3.88150625e+004
 4.37653125e+004
 3.75960000e+004
 3.66189375e+004
 4.01860000e+004
 3.42603750e+004
 3.39587500e+004
 3.85430000e+004
 3.45089375e+004
 3.53907500e+004
 4.13085000e+004
 3.78876875e+004
 3.87197500e+004
 4.45971250e+004
 4.05133125e+004
 4.08262500e+004
 4.56970625e+004
 4.00499375e+004
 3.90793125e+004
 4.28519375e+004
 3.73082500e+004
 3.71383125e+004
 4.20283125e+004
 3.77623750e+004
 3.83515000e+004
 4.37341875e+004
 3.98450625e+004
 4.06281250e+004
 4.64918125e+004
 4.26673125e+004
 4.30226875e+004
 4.80410000e+004
 4.25353750e+004
 4.17869375e+004
 4.59010000e+004
 4.01646250e+004
 3.96576250e+004
 4.39896250e+004
 3.89372500e+004
 3.89127500e+004
 4.36066250e+004
 3.85805000e+004
 3.81657500e+004
 4.26193750e+004
 3.77379375e+004
 3.80191250e+004
 4.38234375e+004
 4.01131875e+004
 4.13249375e+004
 4.73485625e+004
 4.28424375e+004
 4.30436250e+004
 4.77974375e+004
 4.26908125e+004
 4.30240625e+004
 4.83660625e+004
 4.41575000e+004
 4.47349375e+004
 4.92156875e+004
 4.35154375e+004
 4.26025625e+004
 4.63316250e+004
 4.13500625e+004
 4.16218125e+004
 4.61435625e+004
 4.14661875e+004
 4.14456875e+004
 4.51789375e+004
 4.03432500e+004
 4.01767500e+004
 4.26568750e+004
 3.73300000e+004
 3.64696250e+004
 3.65742500e+004
 3.60361875e+004
 3.89003125e+004
 4.08716250e+004
 4.25611875e+004
 3.65394375e+004
 3.10419375e+004
 2.84806250e+004
 2.27615000e+004
 2.24790625e+004
 2.45856250e+004
 2.23221250e+004
 2.23976250e+004
 2.59219375e+004
 2.45762500e+004
 2.52536875e+004
 2.87154375e+004
 2.56365000e+004
 2.50068125e+004
 2.72911250e+004
 2.42128125e+004
 2.42992500e+004
 2.72860625e+004
 2.48103750e+004
 2.50365000e+004
 2.83657500e+004
 2.61227500e+004
 2.66173750e+004
 2.99279375e+004
 2.72234375e+004
 2.71046875e+004
 2.96538750e+004
 2.65673125e+004
 2.66034375e+004
 3.09957500e+004
 3.01498750e+004
 3.21885625e+004
 3.73577500e+004
 3.42329375e+004
 3.67320625e+004
 3.90695000e+004
 3.84233750e+004
 4.17449375e+004
 4.14698750e+004
 4.11246250e+004
 3.95126875e+004
 3.81475625e+004
 3.75207500e+004
 3.70209375e+004
 3.75386875e+004
 3.78111250e+004
 3.77778750e+004
 3.77798125e+004
 3.79545625e+004
 3.82575000e+004
 3.84360000e+004
 3.86473750e+004
 3.87099375e+004
 3.87874375e+004
 3.94695625e+004
 4.02243750e+004
 4.10364375e+004
 4.19893750e+004
 4.25433750e+004
 4.28355625e+004
 4.29510625e+004
 4.28380625e+004
 4.22225625e+004
 4.19871250e+004
 4.32162500e+004
 4.45910000e+004
 4.69820000e+004
 4.91231250e+004
 4.87293125e+004
 4.84448750e+004
 4.82504375e+004
 4.80604375e+004
 5.00106250e+004
 5.15040000e+004
 5.20315000e+004
 5.24276250e+004
 5.07331250e+004
 4.94733750e+004
 4.86315000e+004
 4.79940000e+004
 4.86595625e+004
 4.89299375e+004
 4.86025000e+004
 4.81835000e+004
 4.74062500e+004
 4.69026875e+004
 4.70380625e+004
 4.71181250e+004
 4.71418750e+004
 4.71385625e+004
 4.70207500e+004
 4.68988125e+004
 4.69613750e+004
 4.70461250e+004
 4.76962500e+004
 4.85331875e+004
 5.00815625e+004
 5.14730625e+004
 5.22544375e+004
 5.29531875e+004
 5.22491250e+004
 5.16347500e+004
 5.08341875e+004
 4.97694375e+004
 4.90236875e+004
 4.80443125e+004
 4.70121875e+004
 4.61790000e+004
 4.69360625e+004
 4.79922500e+004
 4.93938750e+004
 5.06817500e+004
 4.96551875e+004
 4.84717500e+004
 4.72735000e+004
 4.62240625e+004
 4.64783750e+004
 4.70360625e+004
 4.79493750e+004
 4.89290625e+004
 5.01431250e+004
 5.10159375e+004
 5.24664375e+004
 5.34450000e+004
 5.27525000e+004
 5.19693750e+004
 4.85755625e+004
 4.58775625e+004
 4.52978750e+004
 4.51568750e+004
 4.65433750e+004
 4.77938125e+004
 4.84342500e+004
 4.88296875e+004
 5.00134375e+004
 5.07790000e+004
 5.08675000e+004
 5.07921250e+004
 4.93823125e+004
 4.80880000e+004
 4.64420000e+004
 4.49391875e+004
 4.39698750e+004
 4.31795625e+004
 4.35120000e+004
 4.38790000e+004
 4.38822500e+004
 4.40559375e+004
 4.39993750e+004
 4.42999375e+004
 4.57845000e+004
 4.76495625e+004
 4.99738125e+004
 5.23874375e+004
 5.38115625e+004
 5.36088125e+004
 5.38891250e+004
 5.34253750e+004
 5.39610625e+004
 5.61491875e+004
 5.60275000e+004
 5.61110625e+004
 5.65193125e+004
 5.61056875e+004
 5.68466250e+004
 5.78204375e+004
 5.72618125e+004
 5.67364375e+004
 5.60792500e+004
 5.48793750e+004
 5.29620000e+004
 5.11756875e+004
 4.96522500e+004
 4.85250000e+004
 4.89641875e+004
 4.96729375e+004
 5.02553750e+004
 5.13159375e+004
 5.23589375e+004
 5.33308125e+004
 5.55873125e+004
 5.70519375e+004
 5.72811875e+004
 5.70866875e+004
 5.42933125e+004
 5.18353750e+004
 5.08710000e+004
 5.02345000e+004
 5.11491250e+004
 5.22591875e+004
 5.25305000e+004
 5.28026875e+004
 5.29787500e+004
 5.28406875e+004
 5.24955625e+004
 5.20708125e+004
 5.08880000e+004
 4.97203750e+004
 4.89442500e+004
 4.98603750e+004
 5.02173750e+004
 5.22296250e+004
 5.31654375e+004
 5.25426875e+004
 5.32635000e+004
 5.25671250e+004
 5.31285000e+004
 5.32294375e+004
 5.27531875e+004
 5.24602500e+004
 5.13621875e+004
 4.99435000e+004
 4.88587500e+004
 4.64471250e+004
 4.47860625e+004
 4.38750000e+004
 4.29884375e+004
 4.30006875e+004
 4.28098125e+004
 4.23347500e+004
 4.21070625e+004
 4.18843125e+004
 4.18150625e+004
 4.19920000e+004
 4.06974375e+004
 4.07410625e+004
 3.95609375e+004
 3.89356250e+004
 3.95496875e+004
 3.83926875e+004
 3.84287500e+004
 3.78725000e+004
 3.88637500e+004
 3.85376250e+004
 3.99758125e+004
 4.03994375e+004
 3.90975625e+004
 4.11263125e+004
 4.11999375e+004
 4.14465000e+004
 4.26728125e+004
 4.17780000e+004
 3.94669375e+004
 3.97716250e+004
 3.83361250e+004
 3.67542500e+004
 3.87806875e+004
 3.80376250e+004
 3.75316250e+004
 3.95706250e+004
 3.84543750e+004
 3.75350000e+004
 3.93526250e+004
 3.84332500e+004
 3.79012500e+004
 3.99120000e+004
 3.80193750e+004
 3.80200625e+004
 3.85965625e+004
 3.70351875e+004
 3.71929375e+004
 3.60699375e+004
 3.58476250e+004
 3.54200000e+004
 3.61677500e+004
 3.68813125e+004
 3.72040625e+004
 3.84565625e+004
 3.86842500e+004
 3.80243750e+004
 3.76568125e+004
 3.61692500e+004
 3.37656875e+004
 3.44426875e+004
 3.27351250e+004
 3.25503750e+004
 3.44783750e+004
 3.28530625e+004
 3.49307500e+004
 3.47793125e+004
 3.42083750e+004
 3.53648125e+004
 3.45252500e+004
 3.50851875e+004
 3.48393750e+004
 3.47348125e+004
 3.45015625e+004
 3.43883750e+004
 3.44192500e+004
 3.42368750e+004
 3.41084375e+004
 3.40640000e+004
 3.38792500e+004
 3.38176250e+004
 3.39192500e+004
 3.43868125e+004
 3.45121250e+004
 3.45956250e+004
 3.47978125e+004
 3.42628125e+004
 3.38884375e+004
 3.34970000e+004
 3.26926250e+004
 3.23548125e+004
 3.22410625e+004
 3.28115000e+004
 3.29855000e+004
 3.21505625e+004
 3.23379375e+004
 3.11356250e+004
 3.09065625e+004
 3.17906875e+004
 2.98743125e+004
 3.01878750e+004
 2.91351250e+004
 2.81786250e+004
 3.41332500e+004
 3.81623125e+004
 4.66392500e+004
 5.48795000e+004
 5.67284375e+004
